1.737 0.431
2.288 0.161

1.619 0.506
1.946 0.363

1.751 0.427
2.055 0.268

-0.197 -1.159
0.243 -1.127

-0.089 -1.144
0.615 -1.146

-0.088 -1.152
0.441 -1.111

-0.130 -1.154
0.309 -1.120

0.996 0.867
1.639 0.485

1.416 0.625
1.701 0.455

1.238 0.687
1.629 0.493

0.224 -1.114
0.623 -1.145

-1.471 1.629
-1.029 1.659

1.118 0.783
1.499 0.569

0.573 1.056
1.400 0.640

0.620 1.048
1.373 0.656

1.033 0.829
1.420 0.625

0.966 0.840
1.362 0.655

1.078 0.805
1.450 0.574

0.638 -1.142
0.978 -1.141

0.734 -1.142
1.234 -1.112

0.552 -1.116
0.917 -1.137

0.729 -1.155
1.255 -1.101

0.614 -1.130
0.954 -1.133

-1.720 1.638
-1.147 1.635

-2.074 1.630
-1.623 1.641

-1.804 1.653
-1.620 1.653

-1.265 -1.116
-0.292 -1.180

-1.229 -1.115
-0.705 -1.153

-1.285 -1.105
-0.609 -1.173

-1.257 -1.108
-0.811 -1.146

-1.245 -1.127
-0.345 -1.138

0.248 1.253
1.062 0.806

0.687 0.992
1.106 0.814

-3.965 2.359
-3.949 2.831

-3.950 2.086
-3.963 2.525

-3.970 2.289
-3.948 2.579

-3.941 1.887
-3.987 2.507

-3.975 2.339
-3.934 2.817

-3.948 2.061
-3.979 2.522

-3.989 2.279
-3.927 2.562

-3.951 1.986
-3.977 2.506

-0.827 -1.167
0.167 -1.144

-0.814 -1.158
-0.256 -1.125

-1.013 -1.132
-0.528 -1.161

-0.827 -1.154
-0.341 -1.168

-0.834 -1.136
-0.349 -1.155

-0.823 -1.173
0.086 -1.109

-0.863 -1.126
-0.379 -1.175

-0.114 1.391
0.737 1.016

-0.112 1.475
0.681 1.012

0.274 1.236
0.674 1.015

3.945 -0.905
4.025 -0.406

-0.240 1.432
0.348 1.198

-0.568 -1.131
-0.088 -1.143

-0.399 -1.137
0.081 -1.136

-0.399 -1.165
0.530 -1.108

-0.354 -1.167
0.125 -1.127

-0.424 -1.163
0.550 -1.115

2.093 0.295
2.362 0.181

-3.485 -1.132
-3.198 -1.129

-3.502 -1.129
-3.206 -1.131

-3.625 -1.101
-3.292 -1.131

1.348 0.649
2.029 0.315

1.672 0.496
2.034 0.284

-0.069 -1.117
0.529 -1.160

-0.332 -1.114
0.244 -1.131

-0.075 -1.117
0.351 -1.130

-0.089 -1.113
0.382 -1.133

-0.842 -1.165
-0.252 -1.097

-0.859 -1.168
-0.272 -1.097

-0.879 -1.145
-0.258 -1.111

-0.612 -1.129
-0.115 -1.117

-0.925 -1.131
-0.237 -1.114

-1.161 1.638
-0.612 1.615

-1.039 1.658
-0.536 1.590

-0.996 -1.136
-0.475 -1.124

-1.141 -1.123
-0.647 -1.155

-1.294 -1.112
-0.688 -1.145

-1.032 -1.133
-0.537 -1.134

-1.195 -1.126
-0.700 -1.141

-1.160 -1.128
-0.664 -1.134

-2.175 1.633
-1.153 1.637

-1.821 1.652
-1.064 1.626

-1.654 1.638
-1.152 1.636

-1.536 1.626
-1.035 1.652

-2.092 1.619
-1.174 1.646

-2.087 -3.923
-1.809 -3.923

-2.077 -3.977
-1.806 -3.947

-2.431 1.653
-1.541 1.626

-2.146 1.635
-1.604 1.639

-2.092 1.626
-1.595 1.649

-2.076 1.615
-1.581 1.651

-2.791 -3.952
-2.024 -3.956

-2.608 -3.953
-2.017 -3.948

-2.343 -3.961
-1.882 -3.918

-2.598 -3.957
-2.020 -3.944

-2.340 -3.966
-1.877 -3.959

2.712 -1.157
3.014 -1.249

2.649 -1.223
3.026 -1.270

-3.538 -1.153
-2.632 -1.083

-3.264 -1.142
-2.643 -1.075

2.672 -1.221
2.973 -1.281

0.842 -1.122
1.164 -1.125

0.886 -1.122
1.233 -1.109

-3.339 -1.129
-2.838 -1.132

-3.531 -1.136
-3.076 -1.127

-3.468 -1.142
-3.071 -1.118

-4.010 -1.182
-3.065 -1.111

-3.972 -0.429
-3.918 0.597

-3.940 -0.432
-3.955 0.101

-3.968 -0.352
-3.928 0.279

-3.969 -0.385
-3.944 0.148

-3.955 -0.479
-3.953 0.462

-3.962 -0.326
-3.946 0.227

-3.959 -0.349
-3.947 0.184

-3.979 -0.341
-3.936 0.191

-0.760 -1.140
-0.506 -1.133

-0.923 -1.104
-0.607 -1.167

-2.056 4.005
-1.637 3.905

-3.885 -1.051
-3.468 -1.213

-3.757 -1.094
-3.319 -1.179

-1.671 1.618
-0.846 1.663

-3.940 0.036
-3.918 0.841

-3.934 0.004
-3.926 0.479

-3.935 0.102
-3.935 0.694

-3.934 0.029
-3.929 0.864

-3.948 0.119
-3.926 0.594

-3.952 0.061
-3.919 0.536

-3.924 0.552
-3.935 0.875

-3.937 0.789
-3.926 1.041

-3.974 0.775
-3.975 1.179

-3.283 -1.100
-2.653 -1.152

-3.928 1.955
-3.970 2.437

-3.949 1.865
-3.947 2.099

-3.940 1.895
-3.941 2.073

-3.944 1.948
-3.953 2.222

-3.911 1.949
-3.961 2.323

-3.943 1.684
-3.949 2.087

-3.918 3.802
-3.642 3.965

-3.934 3.808
-3.667 3.971

-3.938 -0.469
-3.933 0.057

-3.925 -0.218
-3.948 0.737

-3.918 -0.229
-3.961 0.523

-3.941 -0.174
-3.935 0.271

-3.945 -0.258
-3.925 0.185

-3.352 -1.134
-2.850 -1.101

-3.349 -1.128
-2.860 -1.133

-3.520 -1.135
-3.056 -1.124

-3.688 -1.102
-3.062 -1.142

-3.484 -1.131
-3.020 -1.122

-3.012 3.936
-2.726 3.923

-2.963 3.921
-2.462 3.907

-2.911 3.965
-2.520 3.956

2.800 -1.163
3.095 -1.166

3.484 -1.147
3.668 -1.158

-3.933 0.597
-3.924 1.101

-3.943 0.470
-3.928 0.976

-3.928 0.613
-3.941 1.642

-3.938 0.648
-3.928 1.284

-3.940 0.593
-3.923 1.097

-3.945 0.612
-3.967 1.266

3.447 -1.148
3.845 -1.123

3.582 -1.095
3.848 -1.095

-3.957 1.497
-3.933 2.110

-3.939 1.305
-3.946 1.832

-3.942 1.472
-3.955 2.486

-3.948 1.505
-3.947 2.161

-3.965 1.506
-3.936 2.013

-3.951 1.524
-3.940 2.124

-3.955 1.520
-3.939 2.028

-3.947 1.471
-3.950 2.274

-3.953 1.527
-3.941 2.034

-3.953 1.535
-3.932 2.042

-3.951 1.487
-3.942 1.994

-3.947 1.519
-3.948 2.102

-3.946 1.375
-3.946 1.883

-3.965 1.384
-3.942 1.891

-3.876 -1.125
-3.449 -1.235

-3.881 -1.122
-3.456 -1.237

-3.395 -1.136
-3.151 -1.155

-0.510 2.548
-0.443 3.046

-0.523 2.530
-0.432 2.888

-2.978 3.930
-2.485 3.973

-2.949 3.930
-2.456 3.968

-3.120 3.912
-2.415 3.984

-2.934 3.932
-2.441 3.967

-0.832 3.854
-0.620 3.839

-0.882 3.892
-0.699 3.823

-1.136 3.899
-0.948 3.876

-1.100 3.903
-0.911 3.899

-1.423 3.912
-0.952 3.892

-3.386 3.936
-2.782 3.929

-3.907 3.908
-3.063 3.951

-3.458 3.932
-2.991 3.908

-3.754 3.907
-3.090 3.941

-3.429 3.937
-2.962 3.917

-3.619 3.927
-3.122 3.941

-3.575 3.935
-3.108 3.959

-3.761 3.964
-3.051 3.927

-1.447 3.903
-1.178 3.901

-1.346 3.910
-1.078 3.946

-1.635 3.918
-1.193 3.912

-1.417 3.910
-1.148 3.900

-1.775 3.943
-1.189 3.904

-2.559 1.745
-2.138 1.794

-2.288 3.958
-1.484 3.891

-2.080 3.912
-1.479 3.907

-1.779 3.904
-1.410 3.920

-1.806 3.910
-1.437 3.928

-2.198 3.931
-1.484 3.906

-2.456 1.772
-2.009 1.791

-2.157 1.789
-1.751 1.805

-2.402 1.795
-1.975 1.793

-2.160 1.785
-1.696 1.802

-2.121 1.775
-1.800 1.816

-2.079 1.783
-1.706 1.803

-2.047 1.808
-1.698 1.795

-1.814 1.800
-1.607 1.794

-2.046 1.806
-1.690 1.801

-1.839 1.809
-1.485 1.788

-1.985 1.799
-1.697 1.799

-1.840 1.805
-1.524 1.818

-1.829 1.823
-1.525 1.745

-4.020 3.752
-3.585 3.996

-2.503 3.924
-1.825 3.929

-2.115 3.951
-1.739 3.927

-2.168 3.937
-1.791 3.926

-2.668 3.959
-1.866 3.914

-3.979 1.531
-3.946 1.807

-3.969 1.574
-3.949 1.851

-3.972 1.593
-3.924 1.866

-3.952 1.376
-3.966 1.782

-3.960 1.616
-3.950 1.981

-3.986 1.593
-3.956 1.880

-3.969 1.164
-3.966 1.724

-1.574 1.776
-1.269 1.791

-1.652 1.795
-1.347 1.777

-1.583 1.768
-1.139 1.802

-1.641 1.782
-1.337 1.787

-1.567 1.798
-1.190 1.808

-1.669 1.815
-1.366 1.779

-1.618 1.755
-1.314 1.784

-3.934 1.146
-3.954 1.533

-3.949 1.302
-3.952 1.556

-3.972 1.279
-3.965 1.476

-3.968 2.762
-3.944 3.743

-3.958 3.385
-3.909 3.813

-3.953 2.986
-3.949 3.743

-3.959 3.110
-3.943 3.731

-3.954 3.294
-3.952 3.724

-3.952 2.815
-3.954 3.766

-0.623 1.663
-0.394 2.130

-2.599 3.916
-2.113 3.921

-2.996 3.907
-2.179 3.924

-2.599 3.910
-2.113 3.940

-2.923 3.909
-2.196 3.934

-0.473 2.008
-0.516 2.520

-3.505 -1.411
-3.135 -1.159

-0.488 2.667
-0.445 3.283

-0.491 2.645
-0.435 3.433

-3.968 2.908
-3.941 3.425

-3.968 2.949
-3.941 3.466

-3.959 2.699
-3.953 3.356

-3.963 2.967
-3.950 3.485

-3.964 2.821
-3.949 3.338

-3.974 2.825
-3.933 3.340

-2.948 3.930
-2.431 3.920

-3.532 3.932
-2.564 3.923

-3.045 3.934
-2.528 3.908

-3.383 3.901
-2.593 3.935

-2.996 3.929
-2.479 3.923

-3.289 3.928
-2.597 3.920

-3.047 3.937
-2.530 3.955

-0.456 2.964
-0.451 3.334

-0.444 2.991
-0.466 3.796

-0.456 3.033
-0.469 3.443

-0.462 3.035
-0.414 3.489

-3.936 2.406
-3.950 2.909

-3.405 3.929
-2.976 3.899

-3.372 3.934
-2.943 3.907

-3.610 3.949
-3.051 3.905

-1.127 3.890
-0.850 3.887

-1.444 3.921
-0.870 3.866

-1.311 3.903
-1.056 3.950

-1.633 3.925
-1.173 3.897

-1.364 3.904
-1.153 3.897

-3.943 1.989
-3.939 2.491

-3.940 1.982
-3.955 2.485

-3.943 2.262
-3.953 2.784

-3.944 2.106
-3.936 2.494

-3.958 1.776
-3.936 2.510

-3.942 2.260
-3.933 2.772

-3.947 1.821
-3.939 2.500

-3.949 2.184
-3.945 2.573

-3.959 1.906
-3.936 2.477

-3.944 2.220
-3.940 2.751

-3.951 2.060
-3.949 2.472

-3.950 1.607
-3.942 2.511

-3.953 2.135
-3.922 2.523

-3.965 1.991
-3.926 2.459

-3.810 3.920
-3.365 3.909

-3.776 3.917
-3.332 3.933

-3.786 3.908
-3.346 3.968

-3.877 3.911
-3.435 3.960

-2.134 1.813
-1.754 1.793

-2.138 1.812
-1.697 1.786

-2.108 1.819
-1.780 1.793

-1.904 3.914
-1.542 3.933

-2.148 3.914
-1.683 3.929

-3.943 1.817
-3.953 2.119

-2.058 1.807
-1.663 1.794

-1.807 1.796
-1.492 1.792

-1.998 1.799
-1.671 1.793

-1.809 1.784
-1.385 1.796

-1.809 1.795
-1.530 1.819

-1.793 1.805
-1.528 1.749

-3.951 1.695
-3.953 2.084

-3.952 1.648
-3.950 1.845

-3.951 1.671
-3.924 1.866

-3.950 1.377
-3.948 1.835

-3.945 1.668
-3.954 1.983

-3.980 1.645
-3.951 1.880

-1.580 1.774
-1.148 1.807

-1.633 1.779
-1.350 1.798

-1.563 1.799
-1.198 1.813

-1.610 1.753
-1.331 1.800

-3.973 2.948
-3.897 3.944

-3.976 3.074
-3.893 3.935

-3.971 3.290
-3.891 3.948

-2.360 3.921
-1.905 3.913

-3.031 3.914
-2.015 3.916

-2.483 3.928
-2.027 3.923

-2.965 3.923
-2.040 3.920

-2.338 3.920
-1.882 3.924

-2.604 3.970
-2.026 3.891

-0.427 2.113
-0.509 2.575

-3.934 2.567
-3.956 3.543

-3.960 3.056
-3.940 3.556

-3.953 2.682
-3.951 3.546

-3.952 3.100
-3.950 3.601

-3.954 2.834
-3.950 3.529

-3.943 2.947
-3.949 3.517

-3.497 -1.153
-3.207 -1.207

-3.406 3.902
-2.399 3.916

-2.789 3.912
-2.267 3.929

-2.921 3.910
-2.399 3.927

-3.305 3.924
-2.396 3.905

-0.505 2.836
-0.342 3.361

-3.757 3.913
-2.818 3.901

-3.312 3.911
-2.849 3.910

-3.607 3.934
-2.836 3.894

-3.945 1.942
-3.956 2.694

-3.947 2.350
-3.953 2.797

-3.947 2.446
-3.940 2.894

-3.939 2.111
-3.949 2.686

-3.949 2.348
-3.933 2.795

-3.947 2.434
-3.942 2.918

-3.955 1.907
-3.946 2.728

-3.944 2.278
-3.955 2.725

-3.952 2.332
-3.940 2.780

-3.957 2.032
-3.948 2.693

-3.956 2.242
-3.932 2.689

-1.507 3.919
-1.195 3.903

-1.739 3.931
-1.317 3.925

-3.610 3.920
-3.168 3.914

-3.693 3.920
-3.251 3.917

-2.564 1.771
-2.064 1.803

-1.930 3.957
-1.511 3.906

-2.387 1.795
-1.944 1.803

-2.133 1.805
-1.686 1.796

-2.179 1.798
-1.507 1.821

-2.119 1.808
-1.731 1.808

-2.009 1.800
-1.604 1.794

-1.701 1.802
-1.149 1.817

-1.740 1.818
-1.502 1.799

-1.714 1.793
-1.478 1.765

-1.590 1.783
-1.292 1.797

-1.439 1.788
-0.820 1.795

-1.159 1.796
-0.918 1.794

-3.308 3.933
-1.999 3.974

-2.385 3.933
-1.926 3.936

-2.351 3.931
-1.892 3.920

-2.980 3.910
-2.033 3.942

-2.329 3.929
-1.871 3.930

-3.958 3.174
-3.944 3.654

-3.958 2.827
-3.945 3.637

-3.946 2.966
-3.946 3.651

-3.241 3.927
-2.795 3.909

-3.031 3.917
-2.543 3.924

-3.611 3.940
-2.759 3.905

-3.474 3.984
-2.756 3.881

-2.587 1.794
-1.696 1.799

-3.566 3.932
-3.204 3.963

-1.784 3.947
-1.052 3.891

-2.120 1.790
-1.516 1.819

-2.079 1.806
-1.700 1.798

-3.935 1.764
-3.950 2.045

-3.934 1.804
-3.953 2.169

-3.952 1.601
-3.928 1.971

-2.213 3.920
-1.386 3.937

-3.931 1.068
-3.950 1.667

-3.983 1.289
-3.935 1.653

-3.948 1.502
-3.950 1.828

-3.944 1.512
-3.953 2.022

-3.941 1.219
-3.951 1.686

-3.978 1.205
-3.944 1.623

-1.691 1.784
-1.170 1.824

-1.706 1.757
-1.393 1.801

-3.936 1.199
-3.944 1.466

-3.959 1.297
-3.980 1.417

-3.943 1.245
-3.950 1.603

-3.969 1.237
-3.960 1.498

-3.952 2.782
-3.956 3.743

-3.946 -0.497
-3.947 -0.213

-3.940 2.398
-3.955 2.919

-3.935 2.414
-3.940 2.914

-1.738 1.825
-1.133 1.807

-1.656 1.814
-1.385 1.792

-1.702 1.805
-1.450 1.796

-3.933 -1.193
-3.450 -1.125

-3.579 -1.097
-3.242 -1.174

-2.735 3.970
-2.225 3.924

-3.940 0.865
-3.937 1.249

-3.936 1.050
-3.941 1.444

-3.937 1.045
-3.948 1.559

-3.933 0.521
-3.940 1.326

-3.940 1.030
-3.966 1.449

-3.980 0.793
-3.951 1.231

-3.752 3.896
-3.174 3.962

-3.940 2.415
-3.937 3.215

-3.933 2.584
-3.943 3.195

-3.946 2.739
-3.951 3.238

-3.942 2.915
-3.955 3.244

-3.945 2.396
-3.948 2.956

-3.935 2.544
-3.941 3.021

-3.933 2.418
-3.931 2.954

-3.927 2.699
-3.948 2.986

-3.937 2.788
-3.959 3.094

-3.948 2.279
-3.940 2.926

-3.929 2.782
-3.967 3.258

-3.945 2.446
-3.930 2.950

-3.937 2.477
-3.956 2.784

-3.932 2.543
-3.944 2.952

-3.941 2.093
-3.926 2.637

-3.929 2.486
-3.935 2.783

-3.933 2.471
-3.942 2.788

-3.966 1.995
-3.932 2.626

-3.928 -0.582
-3.952 -0.059

-3.998 1.517
-3.926 2.360

-3.885 -0.952
-3.941 -0.585

-3.995 1.566
-3.917 2.016

-3.673 -1.102
-3.058 -1.142

-3.736 -1.095
-2.920 -1.129

-3.940 1.086
-3.959 1.614

-3.957 1.213
-3.951 1.608

0.130 -1.166
0.831 -1.131

0.142 -1.132
0.517 -1.149

0.162 -1.167
0.872 -1.106

0.153 -1.168
0.934 -1.113

0.534 -1.124
0.826 -1.121

0.547 -1.138
0.908 -1.117

-3.098 -3.788
-2.512 -3.953

-3.181 -3.719
-2.756 -3.895

-3.096 -3.781
-2.500 -3.958

-3.161 -3.741
-2.732 -3.907

-0.884 1.677
-0.486 1.550

-2.773 -3.957
-2.110 -3.933

-2.768 -3.959
-2.107 -3.930

-1.341 -1.117
-0.358 -1.137

-1.267 -1.116
-0.788 -1.133

-1.302 -1.117
-0.710 -1.126

-4.006 0.485
-3.981 0.968

-4.008 0.284
-3.987 0.965

-0.905 -1.137
0.069 -1.118

-0.976 -1.131
-0.498 -1.131

-0.902 -1.124
-0.424 -1.133

0.618 -1.117
1.192 -1.127

0.850 -1.125
1.166 -1.120

0.671 -1.126
1.183 -1.122

0.833 -1.105
1.248 -1.153

-3.976 0.210
-3.980 0.576

-0.107 1.481
0.731 0.962

-0.455 -1.129
0.458 -1.133

-0.459 -1.122
0.543 -1.124

-0.050 -1.128
0.965 -1.113

-0.008 -1.119
0.544 -1.128

-0.056 -1.127
1.029 -1.121

0.199 1.269
0.986 0.844

0.379 -1.119
1.268 -1.114

0.280 -1.121
0.763 -1.118

0.421 -1.125
0.974 -1.115

3.918 -0.891
4.006 -0.538

0.642 -1.128
1.093 -1.114

0.663 1.030
1.456 0.610

-1.153 -1.141
-0.699 -1.107

2.003 -3.992
2.727 -3.975

1.629 -3.992
2.286 -3.971

2.347 -3.975
2.932 -4.010

2.360 -3.994
2.862 -3.940

0.999 0.860
1.795 0.407

1.043 0.810
1.413 0.631

1.077 0.827
1.498 0.543

0.082 -1.127
0.651 -1.159

0.071 -1.124
1.045 -1.124

1.332 0.672
2.170 0.196

1.303 0.660
1.722 0.453

1.795 0.387
2.541 0.121

2.583 -1.193
3.007 -1.132

2.512 -1.196
3.074 -1.090

2.932 -1.139
3.726 -1.147

2.794 -1.157
3.235 -1.159

2.993 -1.133
3.447 -1.174

3.013 -1.139
3.402 -1.181

2.979 -1.159
3.760 -1.177

2.999 -1.144
3.519 -1.109

3.921 0.345
3.947 0.771

3.939 0.379
3.942 1.147

3.919 0.382
3.961 0.807

3.941 0.382
3.941 0.940

3.941 0.366
3.950 0.793

3.937 0.398
3.959 0.825

3.925 0.403
3.972 0.880

3.916 0.392
3.947 0.817

3.921 0.205
3.948 0.717

3.210 -1.164
3.566 -1.151

3.369 -1.145
3.726 -1.138

3.153 -1.169
3.658 -1.170

3.214 -1.110
3.570 -1.138

3.932 0.761
3.942 1.081

3.948 0.767
3.907 1.171

-0.359 2.591
-0.389 2.879

-0.361 2.558
-0.349 2.842

-0.370 2.491
-0.343 2.774

3.886 -0.892
3.928 -0.084

3.882 -0.880
3.941 -0.270

3.906 -0.959
3.919 -0.631

3.921 1.169
3.926 1.534

3.921 1.387
3.913 1.937

3.918 1.369
3.930 1.710

3.929 1.386
3.970 1.848

3.921 1.400
3.957 1.948

3.940 1.220
3.929 1.792

3.925 1.404
3.930 2.061

3.921 1.290
3.930 1.551

3.936 1.366
3.951 1.807

3.941 1.270
3.951 1.615

3.912 1.598
3.915 1.833

3.922 1.395
3.921 1.781

3.906 1.668
3.953 2.183

3.959 1.574
3.937 1.799

3.934 1.624
3.940 1.860

3.941 1.248
3.926 1.803

3.923 1.607
3.927 1.950

3.918 1.669
3.960 2.131

3.956 1.537
3.926 1.783

3.912 1.670
3.929 1.889

3.908 -0.580
3.924 0.320

3.906 -0.577
3.920 0.098

3.907 -0.614
3.929 -0.195

1.132 1.005
1.664 0.784

1.408 0.902
1.750 0.680

1.235 0.975
1.667 0.780

1.404 0.905
1.664 0.759

1.399 0.910
1.680 0.758

1.344 0.936
1.663 0.775

1.366 0.926
1.869 0.667

1.093 1.071
1.326 0.920

1.026 1.115
1.593 0.710

0.834 1.213
1.052 1.045

0.639 1.291
1.044 1.103

0.898 1.179
1.143 1.053

3.921 0.447
3.938 0.970

3.938 0.631
3.921 1.613

3.923 0.642
3.945 1.113

3.932 0.623
3.940 1.364

3.921 0.560
3.961 1.467

3.913 0.533
3.941 1.004

0.387 1.412
0.761 1.240

0.635 1.298
1.021 1.073

0.606 1.309
0.780 1.221

0.353 1.434
0.612 1.298

0.023 1.643
0.280 1.452

0.035 1.638
0.286 1.438

-0.435 1.791
-0.050 1.668

3.934 0.976
3.919 1.461

3.927 1.002
3.912 1.916

3.934 1.024
3.920 1.509

3.921 1.042
3.925 1.748

3.941 1.036
3.914 1.520

3.930 1.072
3.931 1.557

3.904 1.000
3.962 1.825

3.929 0.959
3.932 1.895

3.919 1.059
3.928 1.625

3.926 0.927
3.919 1.411

3.909 0.991
3.951 1.795

3.917 1.028
3.958 1.736

2.567 -1.143
3.460 -1.181

2.592 -1.135
3.406 -1.194

2.617 -1.154
3.838 -1.181

3.071 -1.160
3.423 -1.200

3.041 -1.168
3.721 -1.175

3.080 -1.145
3.501 -1.123

3.915 1.466
3.912 2.275

3.920 1.428
3.916 1.829

3.901 1.515
3.948 2.195

3.917 1.520
3.936 1.920

3.937 1.349
3.921 1.773

3.913 1.496
3.929 2.004

3.922 1.340
3.916 1.751

3.900 1.493
3.955 2.120

3.946 1.308
3.931 1.718

3.909 1.522
3.922 1.923

3.115 -1.170
3.692 -1.170

3.404 -1.157
3.844 -1.044

2.420 3.962
3.199 3.902

2.943 3.921
3.400 3.912

2.712 3.961
3.195 3.911

2.884 3.926
3.247 3.934

2.475 3.921
3.185 3.931

2.706 3.957
3.180 3.920

0.341 1.424
0.653 1.274

0.358 1.430
0.845 1.176

0.358 1.435
0.831 1.182

3.950 1.867
3.917 2.242

2.641 3.950
3.030 3.940

2.522 3.927
3.022 3.934

2.275 3.965
2.827 3.946

2.638 3.947
3.002 3.949

3.925 0.056
3.910 0.359

3.923 0.292
3.920 0.678

3.944 0.280
3.922 0.533

3.906 0.349
3.973 0.662

3.914 0.320
3.916 0.795

3.922 0.074
3.915 0.473

2.316 3.910
2.633 3.944

2.297 3.904
2.671 3.928

0.691 1.257
1.093 1.057

0.706 1.235
1.589 0.781

0.624 1.281
1.025 1.080

0.690 1.249
1.161 0.992

0.697 1.232
1.292 0.992

3.915 2.025
3.915 2.442

3.949 2.169
3.925 2.546

3.940 2.157
3.920 2.572

3.943 2.079
3.913 2.476

3.937 2.137
3.938 2.515

2.032 3.967
2.228 3.937

1.853 3.988
2.233 3.933

3.939 2.840
3.962 3.210

1.367 3.952
1.998 3.955

1.760 3.953
2.207 3.930

1.590 3.944
1.957 3.938

1.326 3.935
1.995 3.961

1.815 3.964
2.289 3.945

1.767 3.968
2.182 3.956

1.482 3.947
1.857 3.920

1.369 3.938
1.623 3.947

3.954 3.293
3.933 3.514

1.125 3.916
1.381 3.959

1.042 1.066
1.898 0.595

0.984 1.083
1.435 0.862

1.062 1.049
1.511 0.826

0.982 1.088
1.756 0.696

0.976 1.083
1.773 0.705

1.063 1.039
1.685 0.767

0.889 3.929
1.151 3.971

0.572 3.937
1.202 3.971

0.672 3.932
1.183 3.975

3.935 1.127
3.923 1.595

3.914 1.348
3.943 2.248

3.947 1.245
3.924 1.656

3.915 1.327
3.962 1.859

3.911 1.322
3.954 1.940

3.938 1.193
3.926 1.835

3.919 1.322
3.932 2.049

3.920 1.255
3.928 1.666

3.923 1.318
3.946 1.828

3.939 1.254
3.944 1.670

3.302 3.966
3.846 3.891

-0.201 3.884
0.060 4.025

2.621 3.966
3.553 3.900

3.187 3.923
3.640 3.928

2.856 3.943
3.548 3.912

3.109 3.922
3.562 3.927

3.282 3.928
3.736 3.946

2.690 3.967
3.562 3.911

2.619 3.967
3.547 3.904

3.918 1.662
3.961 2.565

3.933 1.661
3.939 2.103

3.926 1.770
3.952 2.627

3.919 1.653
3.940 2.094

3.912 1.720
3.951 2.161

1.354 0.901
1.746 0.674

1.428 0.852
1.827 0.638

1.368 0.899
2.055 0.476

1.435 0.857
1.830 0.636

1.283 0.928
1.675 0.702

1.375 0.882
2.027 0.510

1.389 0.909
1.769 0.662

1.403 0.845
1.972 0.614

-0.335 3.628
-0.346 3.919

-0.426 3.274
-0.382 3.567

1.778 0.718
2.087 0.465

1.795 0.679
2.243 0.363

-0.399 3.036
-0.372 3.320

-0.372 2.797
-0.390 3.319

-0.403 2.979
-0.370 3.301

-0.387 3.098
-0.404 3.383

-0.376 2.941
-0.382 3.295

2.790 3.950
3.242 3.933

2.234 3.970
3.175 3.936

2.703 3.958
3.155 3.937

2.770 3.945
3.222 3.963

-0.442 2.204
-0.389 2.487

2.425 3.921
3.018 3.935

2.453 3.923
2.997 3.963

2.297 3.901
2.755 3.945

2.484 3.928
2.944 3.952

3.970 2.813
3.935 3.619

3.970 2.814
3.958 3.176

3.929 -0.274
3.915 -0.026

2.088 3.928
2.577 3.935

1.594 3.921
2.386 3.937

2.076 3.927
2.621 3.919

2.112 3.936
2.594 3.960

0.118 1.567
0.320 1.402

3.911 -0.105
3.941 0.345

3.938 0.203
3.915 0.723

3.917 0.173
3.947 0.352

3.941 0.232
3.900 0.840

0.241 1.468
0.465 1.338

3.927 0.365
3.931 0.630

3.967 0.448
3.916 0.970

3.925 0.412
3.922 0.741

3.948 0.648
3.940 0.918

0.554 1.313
1.070 1.102

0.438 1.397
0.731 1.248

3.949 0.858
3.939 1.080

3.943 0.823
3.914 1.133

0.811 1.173
1.487 0.839

0.850 1.170
1.250 0.996

3.958 1.103
3.930 1.671

3.937 1.033
3.949 1.407

3.951 1.100
3.964 1.890

3.952 1.016
3.926 1.916

3.937 1.090
3.933 1.621

3.925 0.855
3.939 1.295

3.955 1.079
3.951 1.847

3.939 1.069
3.960 1.742

0.595 3.951
1.106 3.931

0.708 3.942
1.098 3.945

1.107 1.043
1.778 0.674

1.024 1.113
1.668 0.664

1.008 1.129
1.321 0.930

1.166 1.012
1.685 0.761

3.194 3.955
3.725 3.918

3.265 3.943
3.871 3.943

1.414 0.891
2.090 0.441

1.443 0.864
1.762 0.695

1.236 0.959
1.579 0.750

1.377 0.919
1.674 0.744

1.419 0.862
1.984 0.619

3.063 3.940
3.538 3.933

2.422 3.916
3.328 3.944

2.997 3.938
3.431 3.937

2.736 3.943
3.353 3.953

2.673 3.951
3.347 3.937

2.918 3.934
3.351 3.966

1.737 0.755
2.239 0.361

-0.410 2.976
-0.360 3.342

-0.390 3.122
-0.399 3.407

-0.382 2.941
-0.374 3.344

2.020 0.500
2.397 0.304

-0.489 2.791
-0.387 3.152

-0.391 2.958
-0.366 3.231

-0.409 3.265
-0.481 3.764

-0.478 3.178
-0.434 3.415

1.760 0.671
2.094 0.457

1.441 0.900
2.082 0.437

1.803 0.622
2.150 0.429

1.555 0.859
2.057 0.474

2.619 3.926
3.057 3.939

2.623 3.921
3.060 3.949

2.381 3.910
3.053 3.938

2.613 3.924
3.050 3.943

1.083 1.049
1.740 0.663

1.241 0.997
1.823 0.670

1.556 0.815
1.861 0.670

3.184 3.939
3.896 3.948

3.151 3.980
3.454 3.930

3.944 1.706
3.913 2.116

3.956 1.476
3.948 1.928

3.948 1.703
3.948 2.124

3.939 1.164
3.936 1.950

3.933 1.597
3.933 1.936

3.913 1.131
3.953 1.941

3.944 1.671
3.949 2.010

3.954 1.449
3.942 1.924

3.941 1.101
3.954 1.910

3.939 1.583
3.944 1.922

0.625 3.940
1.051 3.955

0.970 1.158
1.588 0.716

1.234 0.970
1.575 0.769

2.230 3.886
3.202 3.981

2.688 3.932
3.203 3.975

2.318 3.902
2.804 3.947

2.464 3.911
2.950 3.951

2.669 -1.225
3.079 -1.152

1.803 3.997
2.368 3.921

3.924 1.985
3.948 2.533

3.940 2.082
3.947 2.536

3.946 1.932
3.942 2.561

3.944 2.058
3.930 2.602

3.940 2.011
3.941 2.539

3.942 1.933
3.944 2.564

0.880 1.197
1.536 0.789

3.930 1.684
3.914 2.101

3.957 1.463
3.919 2.022

3.929 1.686
3.945 2.104

3.942 1.153
3.923 2.048

3.931 1.726
3.931 2.195

3.921 1.153
3.931 2.072

3.923 1.632
3.945 2.049

3.954 1.442
3.916 2.025

3.952 1.100
3.930 2.017

3.925 1.578
3.930 1.996

1.215 1.001
2.033 0.580

3.937 0.912
3.922 1.653

3.919 1.264
3.959 1.727

3.933 1.237
3.931 1.701

3.927 0.665
3.919 1.635

3.920 1.240
3.950 1.703

3.930 1.185
3.953 1.649

1.513 0.849
2.333 0.421

2.181 3.953
3.233 3.923

2.233 3.964
3.148 3.946

3.161 -1.170
3.669 -1.171

3.923 0.237
3.913 0.824

3.911 0.435
3.925 0.853

3.918 0.538
3.918 1.044

3.922 -0.027
3.909 0.846

2.663 3.932
3.310 3.984

3.964 3.197
3.931 3.535

3.946 2.155
3.940 2.445

3.962 1.943
3.906 2.474

3.906 -1.097
3.937 -0.280

3.957 1.876
3.942 2.142

0.554 -3.951
0.910 -3.955

0.127 -3.967
0.725 -3.937

0.719 1.004
1.189 0.739

3.894 -1.038
3.967 -0.617

2.563 -1.180
3.523 -1.123

3.193 -1.110
3.568 -1.129

3.935 1.096
3.955 1.622

3.942 1.245
3.961 1.718

3.944 1.176
3.940 1.760

3.943 1.243
3.956 1.694

3.939 1.750
3.950 2.106

1.505 -4.020
2.242 -3.961

1.300 -3.981
1.791 -4.037

1.396 -3.984
1.890 -4.022

1.107 -3.947
1.639 -4.022

3.951 -2.260
3.938 -1.405

3.948 -2.479
3.959 -2.076

3.942 -3.120
3.959 -2.278

3.969 -2.465
4.005 -2.044

1.722 -3.991
2.147 -3.958

1.588 -3.989
2.108 -3.974

1.037 -3.921
1.486 -3.978

1.303 -3.983
1.730 -3.982

0.444 -1.335
1.180 -1.306

0.435 -1.315
0.920 -1.290

0.477 -3.958
0.968 -3.955

0.170 -3.958
0.624 -3.952

0.801 -1.306
1.375 -1.320

0.564 -1.295
0.956 -1.305

-3.012 -3.840
-2.554 -3.920

1.311 -4.009
2.194 -3.926

0.448 -1.288
1.414 -1.322

0.591 -3.951
1.069 -3.980

0.091 -3.956
1.035 -3.956

0.047 -1.282
0.984 -1.299

0.166 -1.278
0.602 -1.315

0.026 -3.991
0.637 -3.934

-0.958 -3.648
-0.551 -3.296

-1.023 -3.726
-0.539 -3.291

-0.857 -3.560
-0.496 -3.275

-1.007 -3.689
-0.543 -3.301

-1.024 -1.583
-0.662 -1.859

-1.198 -1.469
-0.789 -1.738

-1.066 -1.549
-0.724 -1.801

-1.034 -1.572
-0.699 -1.832

-1.224 -1.454
-0.780 -1.721

-1.301 -3.831
-0.856 -3.565

-1.368 -3.865
-0.849 -3.560

-1.178 -3.746
-0.769 -3.526

-1.358 -3.850
-0.852 -3.556

-1.175 -3.744
-0.774 -3.511

-1.883 -3.968
-1.218 -3.790

-1.760 -3.970
-1.191 -3.772

-1.498 -3.877
-1.108 -3.736

-1.758 -3.950
-1.188 -3.774

-0.650 -1.971
-0.145 -2.156

-1.785 -3.943
-1.403 -3.854

-2.018 -3.983
-1.414 -3.852

-1.783 -3.939
-1.402 -3.846

-3.587 -3.415
-2.898 -3.872

-3.587 -3.432
-3.258 -3.666

-3.584 -3.428
-3.198 -3.703

-2.932 -1.501
-2.702 -1.097

-1.231 -1.429
-0.480 -1.998

-1.005 -1.587
-0.494 -1.993

-0.922 -1.662
-0.505 -1.985

-1.331 -3.847
-0.941 -3.642

-1.311 -3.858
-0.642 -3.451

-1.324 -3.839
-0.939 -3.625

-1.314 -3.866
-0.641 -3.424

-3.668 -1.806
-2.912 -1.414

-3.303 -1.618
-2.940 -1.432

-3.318 -1.613
-2.953 -1.429

-1.090 -1.533
-0.728 -1.799

-1.058 -1.556
-0.702 -1.831

-0.975 -3.682
-0.652 -3.389

-0.970 -3.647
-0.432 -3.226

-0.974 -3.662
-0.642 -3.379

-2.960 -3.821
-2.526 -3.941

-2.615 -3.950
-1.679 -3.910

-2.584 -3.947
-2.103 -3.934

-1.992 1.811
-1.901 1.770

-3.919 -2.881
-3.919 -2.403

-2.395 -3.941
-1.892 -3.918

-1.771 -3.952
-1.312 -3.834

-3.596 -3.448
-3.196 -3.713

-1.363 -3.857
-0.973 -3.645

-1.300 -1.363
-0.598 -1.907

-0.952 -1.620
-0.598 -1.920

-3.322 -3.672
-2.496 -3.968

-3.322 -3.669
-2.481 -3.968

-3.310 -3.676
-2.823 -3.857

-3.302 -1.588
-2.937 -1.438

-1.040 -3.740
-0.432 -3.229

-1.015 -3.697
-0.663 -3.430

-3.088 -3.768
-2.676 -3.901

-3.693 -2.010
-3.375 -1.698

-3.950 -2.807
-3.800 -2.114

-2.190 -4.009
-1.280 -3.856

-2.191 -4.015
-1.274 -3.831

-3.549 -3.478
-2.904 -3.858

-0.869 -1.677
-0.557 -1.986

-1.380 -3.864
-0.637 -3.457

-1.386 -3.873
-0.636 -3.429

-3.267 -3.713
-2.511 -3.959

-1.022 -3.697
-0.430 -3.234

