3.908 0.004
4.210 -0.001

-3.966 -0.139
-4.180 0.091

-4.029 -0.340
-4.004 -0.256

-4.029 -0.647
-4.100 -0.398

1.973 0.343
2.265 0.165

-0.232 1.396
0.091 1.391

-3.732 -1.084
-3.628 -1.076

1.631 0.473
1.951 0.350

-0.092 -1.162
0.346 -1.112

-2.748 -1.162
-2.734 -1.034

-0.395 0.760
-0.237 1.155

1.362 0.658
1.639 0.476

-4.249 -2.648
-4.029 -2.744

0.361 -1.103
0.755 -1.168

-1.412 1.642
-1.056 1.698

0.984 0.845
1.377 0.652

-1.572 1.619
-1.487 1.670

0.729 -1.154
1.069 -1.142

-1.797 1.646
-1.641 1.640

-1.970 1.663
-1.863 1.643

-1.237 -1.104
-0.794 -1.162

0.623 1.021
1.040 0.835

3.901 -2.683
3.959 -2.519

-3.988 2.225
-3.977 2.514

2.869 -1.437
2.787 -1.328

-4.204 1.705
-4.036 1.571

-4.081 1.380
-4.028 1.523

-0.800 -1.154
-0.314 -1.169

-4.123 1.100
-4.007 1.317

0.291 1.223
0.688 1.028

3.873 -1.106
4.023 -0.971

-4.156 0.859
-4.144 1.060

3.950 -0.905
3.966 -0.665

3.966 -0.665
4.059 -0.474

4.059 -0.474
4.067 -0.315

-3.947 0.013
-3.830 0.200

4.076 -0.249
4.064 -0.145

-3.889 -0.230
-3.994 -0.027

-0.089 1.370
0.333 1.205

-0.368 -1.167
0.111 -1.135

2.007 0.325
2.285 0.236

-0.219 1.415
-0.082 1.381

-0.425 0.820
-0.288 0.836

-3.533 -1.126
-3.359 -1.129

1.588 0.526
1.972 0.357

-4.119 -1.011
-4.071 -0.736

-0.153 -1.107
0.264 -1.139

-0.764 -1.148
-0.270 -1.102

-1.096 1.659
-0.591 1.608

-1.181 -1.125
-0.685 -1.145

-1.645 1.634
-1.144 1.637

3.872 0.189
4.165 0.195

-1.308 -3.975
-1.145 -3.592

3.929 0.160
4.134 0.203

-1.637 -3.987
-1.295 -3.952

-4.083 -0.600
-3.867 -0.184

-1.830 -3.920
-1.670 -3.982

-2.020 -3.943
-1.889 -3.945

3.866 -0.501
3.744 -0.347

-2.110 1.629
-1.613 1.640

-2.509 -3.973
-2.046 -3.947

3.783 -0.469
4.043 -0.535

-2.393 1.667
-2.018 1.629

-2.702 -3.846
-2.457 -4.034

4.016 -0.560
4.193 -0.528

-2.475 1.576
-2.405 1.703

2.854 -1.231
3.004 -1.245

-3.161 -1.138
-2.683 -1.076

2.752 -1.223
2.976 -1.279

1.114 -1.113
1.185 -1.111

-3.491 -1.141
-3.093 -1.122

-2.375 4.041
-2.077 3.881

-3.964 -0.329
-3.942 0.204

-0.802 -1.156
-0.579 -1.164

-2.014 4.015
-1.794 3.971

-3.910 -1.044
-3.484 -1.176

-1.184 -1.234
-0.877 -1.136

-2.486 1.841
-2.107 1.662

-3.870 -1.006
-3.941 -0.527

-2.085 1.647
-1.864 1.659

-0.225 -3.459
0.034 -3.465

-1.829 1.662
-1.584 1.660

-1.584 1.660
-1.444 1.658

-3.944 0.117
-3.917 0.592

-3.917 0.592
-3.930 0.858

-3.930 0.858
-3.943 1.087

-0.410 1.206
-0.625 1.446

-3.136 -1.110
-2.681 -1.150

-3.929 -0.587
-3.948 -0.086

-3.928 2.002
-3.930 2.085

1.405 0.745
1.274 0.954

-3.798 3.736
-3.796 3.858

-3.796 3.858
-3.662 3.980

-3.662 3.980
-3.468 4.101

-3.937 -0.176
-3.923 0.268

-3.545 -1.132
-3.082 -1.130

-3.426 4.126
-3.184 4.041

-3.184 4.041
-2.918 3.990

-2.918 3.990
-2.803 3.922

-3.938 0.235
-3.949 0.713

2.708 -1.175
2.930 -1.185

3.515 -1.151
3.694 -1.167

-3.945 0.650
-3.915 1.153

3.689 -1.132
3.901 -1.114

3.901 -1.114
3.983 -1.119

-3.931 1.083
-3.948 1.585

-0.456 0.779
-0.444 1.007

-3.954 1.530
-3.939 2.038

-2.540 1.613
-2.323 1.822

-3.932 1.969
-3.970 2.453

-0.385 1.779
-0.523 2.207

-3.940 2.397
-3.962 2.910

-0.423 2.136
-0.493 2.570

-3.883 -1.121
-3.458 -1.237

-3.293 -1.196
-3.107 -1.200

-0.521 2.558
-0.434 2.917

-1.850 -4.206
-1.818 -4.146

-0.455 2.911
-0.461 3.258

-2.949 3.934
-2.456 3.978

-0.464 3.252
-0.545 3.606

-0.545 3.606
-0.545 3.871

-3.936 2.554
-3.944 3.005

-0.738 3.874
-0.641 3.852

-0.890 3.903
-0.811 3.878

-1.162 3.906
-0.974 3.893

-3.578 3.926
-3.111 3.946

-1.470 3.905
-1.202 3.910

-2.549 1.728
-2.153 1.792

-3.932 2.136
-3.942 2.514

-1.864 3.908
-1.494 3.903

-2.135 1.775
-1.820 1.801

-3.948 1.789
-3.957 2.148

-1.820 1.807
-1.625 1.798

-4.008 3.751
-3.573 3.993

-2.219 3.956
-1.844 3.920

-3.982 1.497
-3.961 1.774

-1.571 1.776
-1.266 1.781

-3.975 1.312
-3.985 1.459

-3.969 1.173
-3.981 1.241

-3.953 3.289
-3.952 3.719

-0.630 1.678
-0.439 1.995

-2.684 3.901
-2.199 3.936

-0.488 2.022
-0.478 2.336

-0.478 2.336
-0.524 2.688

-3.490 -1.417
-3.227 -1.193

-0.497 2.689
-0.454 3.041

-3.978 2.823
-3.938 3.339

-3.129 3.940
-2.612 3.919

-0.451 3.029
-0.449 3.398

-1.658 -3.977
-1.468 -3.996

-0.450 3.382
-0.470 3.765

-0.581 3.808
-0.517 3.767

-0.846 3.856
-0.656 3.816

-3.931 2.421
-3.938 2.903

-3.491 3.950
-3.064 3.898

-1.159 3.893
-0.885 3.864

-1.375 3.893
-1.187 3.896

-2.531 1.644
-2.130 1.852

-1.690 3.951
-1.409 3.883

-3.955 2.079
-3.932 2.467

-3.887 3.907
-3.443 3.934

-2.122 1.822
-1.796 1.780

-2.056 3.901
-1.705 3.926

-3.937 1.843
-3.950 2.091

-1.782 1.790
-1.614 1.795

-3.959 1.612
-3.944 1.809

-1.566 1.776
-1.284 1.801

-3.930 1.323
-3.974 1.569

-3.941 3.462
-3.889 3.926

-2.486 3.933
-2.031 3.905

-0.549 1.797
-0.415 2.114

-3.716 -1.143
-3.813 -1.002

-0.441 2.143
-0.539 2.507

-3.673 -1.199
-3.512 -1.155

-3.957 3.010
-3.943 3.510

-3.461 -1.185
-3.293 -1.241

-2.960 3.917
-2.438 3.908

-3.247 -1.256
-3.162 -1.199

-0.534 2.501
-0.423 2.852

-0.423 2.852
-0.400 3.209

-0.400 3.209
-0.460 3.508

-3.924 2.624
-3.956 3.076

-3.348 3.900
-2.885 3.909

-0.473 3.507
-0.473 3.833

-1.326 3.914
-0.957 3.965

-3.957 2.234
-3.942 2.682

-1.615 3.913
-1.338 3.929

-3.735 3.924
-3.294 3.894

-2.559 1.762
-2.133 1.794

-3.950 1.922
-3.955 2.264

-2.031 3.975
-1.616 3.905

-2.126 1.806
-1.739 1.802

-1.739 1.802
-1.482 1.787

-3.950 1.605
-3.952 1.929

-3.980 3.604
-3.808 4.012

-1.449 1.775
-1.158 1.808

-1.158 1.808
-1.007 1.817

-2.480 3.924
-2.022 3.940

-0.935 1.821
-0.778 1.858

-0.675 1.822
-0.524 2.118

-3.966 3.115
-3.933 3.594

-3.997 -0.910
-3.758 -1.087

-3.758 -1.087
-3.505 -1.220

-0.482 2.112
-0.520 2.508

-3.470 -1.203
-3.297 -1.164

-3.297 -1.164
-3.063 -1.109

-0.444 2.475
-0.493 2.792

-2.412 -4.182
-2.244 -4.294

-3.942 2.730
-3.964 3.207

-0.450 2.792
-0.522 3.088

-2.858 3.906
-2.401 3.940

-0.475 3.098
-0.475 3.426

-0.475 3.426
-0.491 3.772

-3.929 2.328
-3.970 2.768

-0.523 3.777
-0.591 3.864

-3.260 3.931
-2.815 3.902

-0.778 3.918
-0.667 3.857

-1.031 3.906
-0.856 3.897

-2.520 1.791
-2.044 1.801

-3.907 1.938
-3.967 2.363

-3.594 3.934
-3.231 3.927

-1.415 3.913
-1.079 3.893

-2.079 1.801
-1.699 1.794

-3.943 1.667
-3.914 1.948

-1.735 3.934
-1.395 3.931

-3.953 1.390
-3.940 1.655

-1.697 1.773
-1.382 1.804

-3.955 1.272
-3.951 1.357

-4.016 3.760
-3.620 3.994

-3.923 1.026
-3.968 1.207

-2.151 3.917
-1.722 3.935

-3.955 3.302
-3.951 3.730

-3.936 0.243
-3.912 0.345

-3.965 -0.329
-3.895 -0.108

-0.811 1.799
-0.610 1.777

-3.942 2.838
-3.966 3.316

-3.964 -0.519
-3.981 -0.313

-1.188 1.790
-0.877 1.792

-3.941 2.435
-3.942 2.900

-2.579 3.975
-2.098 3.897

-1.515 1.821
-1.206 1.807

-1.767 1.822
-1.515 1.820

-1.953 1.825
-1.832 1.823

-3.932 -1.196
-3.478 -1.117

-3.947 2.039
-3.965 2.482

-3.513 -1.135
-3.174 -1.203

-2.910 3.977
-2.495 3.950

-3.936 1.634
-3.962 2.088

-2.593 1.679
-2.105 1.852

-3.939 1.190
-3.953 1.681

-3.231 3.931
-2.962 3.999

-3.149 -1.188
-2.779 -1.138

-3.939 0.893
-3.936 1.267

-2.072 -3.986
-2.126 -3.896

-3.473 3.972
-3.195 3.984

-1.999 -4.037
-1.913 -4.041

-1.913 -4.041
-1.699 -4.070

-3.769 3.960
-3.488 3.997

-3.929 0.522
-3.940 0.907

-0.395 1.272
-0.614 1.594

-3.929 2.988
-3.925 3.191

-3.961 0.201
-3.962 0.527

-3.924 2.690
-3.921 2.922

-3.934 2.370
-3.910 2.623

-1.264 1.637
-0.853 1.559

-3.952 -0.092
-3.964 0.202

-3.940 -0.368
-3.956 -0.118

-3.978 1.990
-3.920 2.317

-3.946 -0.628
-3.962 -0.380

-1.376 -1.476
-1.097 -1.185

-3.912 -0.883
-3.966 -0.671

-4.007 1.557
-3.935 2.007

-1.050 -1.194
-0.858 -1.175

-3.971 -0.959
-3.704 -1.088

-3.704 -1.088
-3.251 -1.127

-0.799 -1.172
-0.474 -1.115

-3.974 1.205
-3.958 1.546

-3.278 -1.097
-2.947 -1.136

-2.758 -1.263
-2.914 -1.091

-3.979 0.749
-3.982 1.201

-3.754 -3.544
-3.375 -3.705

0.210 -1.158
0.586 -1.148

-3.400 -3.737
-3.121 -3.781

0.577 -1.149
0.857 -1.122

-1.492 1.626
-1.012 1.655

-3.077 -3.781
-2.643 -3.937

-0.866 1.653
-0.460 1.553

-2.725 -3.959
-2.334 -3.937

-0.483 1.255
-0.522 1.444

-0.359 0.759
-0.522 1.157

-1.286 -1.112
-0.807 -1.134

-4.014 0.501
-3.982 0.800

-0.859 -1.135
-0.382 -1.129

0.854 -1.118
1.142 -1.130

-4.005 0.254
-3.978 0.576

-0.009 1.424
0.400 1.164

2.681 -1.216
2.791 -1.167

-0.425 -1.122
0.043 -1.122

-4.136 -0.156
-3.998 0.187

-4.008 -0.331
-4.011 -0.117

-0.013 -1.127
0.493 -1.121

0.259 1.245
0.671 1.005

0.422 -1.119
0.906 -1.115

-3.842 -0.746
-4.096 -0.473

4.061 -1.073
3.946 -0.743

-3.875 -1.113
-3.800 -1.110

3.969 -0.801
4.016 -0.440

0.859 -1.123
1.235 -1.109

0.724 0.978
1.130 0.804

-1.115 -1.137
-0.849 -1.121

1.877 -4.194
2.003 -4.001

-0.883 -1.120
-0.767 -1.112

2.045 -4.001
2.387 -3.968

-0.174 -1.152
0.025 -1.120

2.375 -3.986
2.703 -3.977

4.031 -0.481
3.911 0.007

2.692 -4.022
2.890 -3.995

1.073 0.817
1.430 0.614

0.088 -1.108
0.529 -1.139

2.925 -4.019
3.289 -3.988

3.289 -3.988
3.604 -3.924

1.386 0.648
1.785 0.407

0.487 -1.135
0.978 -1.113

1.751 0.427
2.152 0.214

3.983 -0.006
3.928 0.516

2.553 -1.203
2.970 -1.106

2.970 -1.106
3.391 -1.147

0.963 -1.109
1.356 -1.174

3.929 0.408
3.960 0.834

3.362 -1.143
3.718 -1.146

2.152 0.171
2.497 0.288

-0.215 -3.250
-0.329 -3.135

3.949 0.799
3.926 1.118

3.748 -1.175
3.906 -0.882

-0.027 -3.823
-0.046 -3.720

-0.036 -3.906
0.089 -4.026

-0.370 2.501
-0.344 2.785

3.950 1.135
3.916 1.376

3.893 -0.872
3.902 -0.544

3.919 1.409
3.935 1.648

-0.439 2.193
-0.330 2.445

1.001 -3.938
0.980 -3.770

3.914 1.663
3.915 1.843

1.017 -3.996
1.097 -4.022

3.895 -0.550
3.933 -0.133

3.933 -0.133
3.917 0.274

3.917 0.274
3.918 0.737

1.382 0.916
1.642 0.791

1.050 1.106
1.223 0.981

3.388 4.052
3.807 3.837

0.781 1.245
1.020 1.107

3.923 0.671
3.949 1.141

0.589 1.335
0.746 1.257

0.261 1.478
0.523 1.348

-0.004 1.659
0.260 1.477

-0.307 1.776
-0.033 1.664

3.922 1.075
3.924 1.560

2.719 -1.149
3.236 -1.173

-0.397 1.786
-0.208 1.688

3.224 3.890
3.553 4.042

3.078 -1.149
3.431 -1.189

3.911 1.506
3.916 1.907

3.434 -1.149
3.683 -1.127

2.806 3.937
3.167 3.900

0.385 1.421
0.689 1.256

3.926 1.885
3.902 2.248

3.912 -0.179
3.911 0.065

2.452 3.953
2.812 3.938

3.915 0.109
3.910 0.301

3.910 0.301
3.924 0.598

2.228 3.895
2.466 3.939

0.684 1.242
1.090 1.049

3.915 2.230
3.919 2.608

1.998 3.947
2.194 3.917

3.930 0.615
3.927 0.960

3.900 2.600
3.937 2.845

3.937 2.845
3.943 3.135

1.594 3.965
1.962 3.948

3.943 0.951
3.928 1.369

3.957 3.156
3.913 3.305

1.404 3.948
1.618 3.950

3.935 3.365
3.939 3.530

1.215 3.958
1.354 3.960

1.057 1.043
1.511 0.829

0.929 3.958
1.160 3.972

3.977 3.599
3.855 3.913

3.917 1.337
3.929 1.749

3.563 3.942
3.815 3.881

0.054 3.961
0.319 3.965

-0.257 3.850
-0.002 4.002

3.079 3.918
3.533 3.913

3.910 1.734
3.954 2.174

1.438 0.838
1.841 0.631

-0.326 3.597
-0.303 3.887

-0.423 3.316
-0.377 3.577

1.801 0.681
2.119 0.441

-0.393 3.016
-0.380 3.302

2.711 3.962
3.162 3.928

3.954 2.103
3.945 2.534

-0.398 2.728
-0.399 2.999

-0.375 2.495
-0.440 2.706

2.627 -1.402
2.845 -1.368

2.845 -1.368
3.115 -1.320

-0.443 2.187
-0.377 2.468

3.971 2.494
3.911 2.889

2.293 3.905
2.751 3.957

3.164 -1.337
3.339 -1.324

-0.356 1.956
-0.442 2.169

3.389 -1.313
3.560 -1.233

-0.149 1.783
-0.311 1.946

3.956 2.860
3.964 3.221

-0.087 1.785
0.115 1.584

3.929 -0.228
3.916 -0.104

1.895 3.930
2.337 3.934

0.118 1.568
0.278 1.444

3.894 -0.033
3.932 0.199

3.932 0.199
3.960 0.411

0.313 1.446
0.522 1.294

3.965 3.192
3.925 3.590

3.957 0.469
3.978 0.634

1.616 3.922
1.921 3.925

3.976 0.682
3.972 0.865

0.558 1.307
0.861 1.181

3.970 0.910
3.952 1.086

1.360 3.933
1.608 3.940

3.987 3.615
3.730 3.921

0.847 1.172
1.124 0.991

1.124 3.914
1.345 3.935

3.949 1.119
3.958 1.493

0.917 3.924
1.057 3.936

1.135 1.035
1.449 0.847

3.306 3.960
3.737 3.911

3.962 1.480
3.959 1.843

1.439 0.855
1.746 0.698

-0.371 3.651
-0.356 3.950

3.966 1.817
3.934 2.272

2.897 3.934
3.331 3.942

1.753 0.746
2.051 0.507

-0.386 3.359
-0.445 3.634

-0.406 3.056
-0.363 3.338

-0.367 2.823
-0.382 3.042

-0.338 2.552
-0.358 2.828

2.068 0.468
2.419 0.297

-0.410 2.985
-0.362 3.256

-0.362 3.256
-0.406 3.451

-0.406 3.451
-0.424 3.734

1.726 0.674
2.062 0.461

2.580 3.920
3.018 3.934

3.943 2.140
3.922 2.566

1.465 0.865
1.760 0.700

0.337 3.929
0.557 3.970

3.222 3.946
3.529 3.929

3.937 1.569
3.951 1.908

0.609 3.946
0.955 3.947

0.732 3.938
1.019 3.958

-0.091 3.936
0.089 4.041

1.197 0.987
1.523 0.762

3.365 3.943
3.807 3.948

-0.399 3.703
-0.194 3.970

3.940 1.288
3.931 1.718

-0.426 3.406
-0.302 3.666

1.713 0.655
2.038 0.517

-0.366 3.179
-0.394 3.390

2.748 3.929
3.200 3.988

2.033 0.505
2.217 0.393

-0.379 2.966
-0.354 3.135

3.962 1.925
3.910 2.434

-0.347 2.744
-0.356 2.923

-0.368 2.515
-0.342 2.699

-0.445 2.282
-0.404 2.468

-0.372 1.934
-0.377 2.242

2.286 3.895
2.773 3.937

2.686 -1.242
3.093 -1.156

-0.112 1.539
-0.029 1.539

-0.029 1.539
0.100 1.508

3.095 -1.175
3.374 -1.221

0.187 1.502
0.307 1.412

0.307 1.412
0.685 1.313

0.685 1.313
0.824 1.175

1.946 3.986
2.323 3.922

3.937 2.078
3.947 2.532

0.899 1.181
1.272 0.987

3.925 1.574
3.929 1.992

1.853 3.987
2.218 3.941

1.288 0.967
1.695 0.751

3.917 1.153
3.933 1.617

1.565 0.816
1.948 0.629

3.947 0.737
3.898 1.211

2.292 3.962
2.746 3.957

3.140 -1.170
3.647 -1.174

1.914 0.645
2.313 0.426

3.912 0.373
3.916 0.792

2.710 3.948
3.130 3.952

3.130 3.952
3.283 3.981

2.732 -1.199
2.981 -1.154

3.330 4.009
3.556 4.036

3.929 -0.000
3.908 0.416

1.711 -4.304
1.715 -4.187

3.959 3.251
3.953 3.297

1.542 -4.087
1.750 -4.062

3.931 -0.315
3.912 0.027

1.039 -3.982
1.166 -3.918

3.952 2.128
3.909 2.399

3.902 -0.641
3.942 -0.310

2.395 0.135
2.388 0.431

3.955 1.823
3.941 2.088

0.463 -3.959
0.713 -3.921

1.051 0.784
1.198 0.706

3.889 -1.054
3.952 -0.632

3.963 1.437
3.943 1.803

3.476 -1.110
3.853 -1.044

1.291 0.659
1.459 0.563

3.125 -1.116
3.500 -1.109

-0.424 1.223
-0.328 1.539

-0.199 -3.929
0.123 -4.002

-0.361 1.026
-0.417 1.223

3.941 1.252
3.956 1.608

3.925 1.763
3.934 1.874

0.255 -4.028
0.467 -4.039

-3.726 1.727
-3.656 1.873

3.981 2.746
3.978 2.912

2.552 -1.173
3.088 -1.092

3.704 3.958
3.663 4.030

1.046 -3.934
1.365 -3.919

1.296 -1.277
1.370 -1.182

1.437 -4.007
1.930 -4.049

-0.248 -1.764
-0.230 -1.308

3.939 -1.964
3.942 -1.486

3.929 -2.312
3.980 -1.961

2.092 0.293
2.384 0.171

3.948 -2.670
3.956 -2.309

1.708 -3.992
2.134 -3.970

-0.182 -2.036
-0.218 -1.668

3.933 -3.080
3.966 -2.653

-0.145 -1.439
0.133 -1.329

3.954 -3.301
3.928 -3.067

1.180 -3.980
1.498 -3.983

0.177 -1.344
0.424 -1.318

0.889 -4.002
1.169 -3.988

3.988 -3.704
3.975 -3.325

0.460 -1.331
0.815 -1.324

0.633 -3.918
0.881 -4.006

2.587 -1.205
3.006 -1.297

3.790 -3.964
4.005 -3.713

0.347 -3.954
0.573 -3.958

0.799 -1.322
1.123 -1.306

3.477 -3.936
3.763 -3.953

3.047 -1.271
3.370 -1.264

1.131 -1.337
1.275 -1.238

3.393 -1.259
3.709 -1.288

3.108 -3.943
3.462 -3.932

-0.188 -3.916
-0.239 -3.618

2.856 -3.934
3.135 -3.990

0.078 1.212
0.406 1.129

-0.180 -3.562
-0.208 -3.337

3.948 -1.625
3.733 -1.264

2.522 -3.961
2.843 -3.943

-3.041 -3.849
-2.954 -3.881

0.444 1.135
0.721 1.112

2.199 -3.944
2.518 -3.983

3.967 -1.979
3.909 -1.623

-3.821 -3.469
-3.903 -3.274

-3.903 -3.274
-3.913 -3.043

1.839 -3.949
2.198 -3.925

-3.890 -2.995
-3.815 -2.713

-4.312 -2.572
-4.028 -2.565

1.178 0.733
1.599 0.608

1.375 -3.989
1.847 -3.977

0.953 -3.915
1.454 -4.007

0.885 -1.302
1.363 -1.324

0.533 -3.961
1.012 -3.953

0.458 -1.302
0.921 -1.288

-4.077 -2.688
-4.012 -2.361

0.064 -1.281
0.501 -1.287

-0.134 -1.372
0.072 -1.277

0.167 -3.959
0.606 -3.951

0.030 -3.995
0.170 -3.995

-0.564 -2.073
-0.104 -2.134

-0.604 -3.231
-0.135 -3.193

-0.543 -2.022
-0.824 -1.705

-0.905 -3.603
-0.555 -3.305

-1.155 -1.499
-0.799 -1.730

-1.265 -3.791
-0.860 -3.564

3.968 -2.514
4.009 -1.971

-1.601 -3.913
-1.213 -3.768

-2.007 1.600
-1.588 1.661

4.044 -2.445
4.030 -2.240

-3.711 4.379
-3.695 4.460

-3.860 -3.011
-4.071 -2.683

-0.557 -1.988
-0.144 -2.135

-3.549 -3.441
-3.817 -3.126

-1.808 -3.944
-1.427 -3.850

-3.570 -3.431
-3.268 -3.632

-2.934 -1.520
-2.704 -1.116

-0.874 -1.713
-0.502 -1.976

-1.291 -3.837
-0.909 -3.616

-3.273 -3.598
-2.949 -3.858

-3.314 -1.633
-2.960 -1.431

-1.198 -1.467
-0.824 -1.717

-0.945 -3.641
-0.623 -3.348

-3.652 -1.800
-3.303 -1.610

-2.962 -3.831
-2.537 -3.933

-0.637 -3.365
-0.442 -3.242

-0.345 1.532
-0.505 1.713

-3.799 -2.104
-3.603 -1.806

-1.040 1.476
-1.049 1.548

-1.168 1.701
-1.050 1.649

-2.588 -3.945
-2.107 -3.937

-3.911 -2.436
-3.801 -2.084

-1.838 1.740
-1.641 1.976

-2.000 1.813
-1.908 1.774

-3.915 -2.784
-3.915 -2.419

3.828 -1.610
3.909 -1.575

-2.160 -3.919
-1.734 -3.919

-3.854 -3.169
-3.940 -2.768

-3.579 -3.475
-3.808 -3.129

-1.767 -3.959
-1.320 -3.845

-0.375 -2.173
-0.622 -1.880

-3.590 -3.446
-3.262 -3.683

-2.928 -1.472
-2.701 -1.089

-1.363 -3.852
-0.987 -3.678

-0.987 -1.593
-0.628 -1.887

-3.298 -3.684
-2.895 -3.808

-3.280 -1.594
-2.930 -1.440

-1.011 -3.703
-0.675 -3.449

-0.979 -1.653
-1.250 -1.373

-3.500 -1.855
-3.269 -1.568

-2.943 -3.814
-2.530 -3.945

-0.703 -3.465
-0.460 -3.240

-0.469 1.534
-0.650 1.764

-3.827 -2.141
-3.511 -1.826

-0.899 1.711
-0.734 1.649

3.987 -4.034
4.160 -3.888

-1.064 1.637
-0.967 1.672

-1.218 1.717
-1.120 1.704

-2.575 -3.949
-2.105 -3.932

-1.473 1.699
-1.277 1.760

-3.856 -2.499
-3.812 -2.141

-1.638 1.748
-1.533 1.745

-1.812 1.718
-1.714 1.765

-1.994 1.814
-1.884 1.762

-3.917 -2.886
-3.928 -2.471

-3.031 3.904
-2.826 3.858

-2.157 -3.991
-1.721 -3.940

-3.702 -3.184
-3.899 -2.859

-0.644 -1.969
-0.231 -2.163

-1.766 -3.942
-1.312 -3.826

-3.486 -3.489
-3.750 -3.177

-3.531 -3.490
-3.200 -3.702

-2.957 -1.466
-2.695 -1.141

-0.906 -1.660
-0.573 -1.945

-1.346 -3.847
-0.979 -3.629

-3.306 -1.579
-2.962 -1.438

-3.243 -3.707
-2.836 -3.863

-1.222 -1.468
-0.838 -1.645

-0.996 -3.667
-0.672 -3.432

-3.527 -1.777
-3.281 -1.585

