-4.187 0.000
-3.929 0.000

3.659 0.009
4.237 -0.001

-4.182 -0.213
-3.736 0.058

-4.297 -0.906
-3.848 -0.548

1.803 0.451
2.217 0.182

-0.256 1.140
0.147 1.575

-4.327 -1.122
-3.977 -1.136

-0.181 -1.118
0.396 -1.132

-3.083 -1.099
-2.586 -1.252

1.374 0.653
1.800 0.489

-3.940 -2.379
-3.684 -2.116

-3.752 -3.109
-4.116 -2.676

-1.467 1.688
-0.952 1.538

0.503 -1.138
0.970 -1.126

0.826 0.947
1.314 0.693

1.019 -1.128
1.247 -1.136

-2.033 1.673
-1.458 1.630

3.699 -2.979
4.078 -3.049

-1.247 -1.158
-0.718 -1.146

-4.175 2.020
-3.750 2.350

-4.245 1.841
-3.828 1.643

2.546 -1.200
3.097 -1.226

0.406 1.167
0.853 0.879

3.165 -1.161
3.750 -1.169

-4.255 1.367
-3.691 1.207

4.193 -1.245
4.085 -0.656

-4.226 0.562
-3.936 1.045

-0.701 -1.109
-0.107 -1.147

3.728 -0.300
4.132 -0.465

-4.282 0.406
-3.896 0.038

-0.073 1.460
0.450 1.178

3.760 -0.005
4.276 0.088

-4.366 -0.472
-3.853 -0.199

1.887 0.328
2.218 0.261

-0.309 1.095
-0.124 1.634

-4.220 -1.035
-3.888 -1.045

-0.194 -1.158
0.374 -1.102

1.412 0.626
1.855 0.407

-0.495 0.850
-0.234 0.825

-3.948 -2.528
-3.707 -1.998

0.301 -1.147
0.849 -1.137

-1.561 1.591
-1.016 1.646

0.852 0.895
1.402 0.661

0.866 -1.145
1.280 -1.119

-2.133 1.671
-1.576 1.671

-1.318 -1.153
-0.750 -1.089

4.105 -3.098
3.999 -2.607

-4.131 1.940
-3.764 1.688

0.438 1.184
0.899 0.882

2.608 -1.268
2.938 -1.099

-4.208 1.635
-3.740 1.304

-4.186 1.122
-3.802 0.782

4.060 -1.135
3.730 -0.771

-0.739 -1.144
-0.197 -1.153

-4.083 0.454
-3.744 0.738

4.078 -0.748
4.242 -0.253

-4.280 0.212
-3.754 0.216

-0.094 1.401
0.432 1.147

3.862 0.092
4.190 -0.167

-4.176 -0.349
-3.703 -0.019

-4.038 -0.788
-4.095 -0.384

-3.923 -0.998
-3.776 -0.762

-0.256 1.055
-0.182 1.598

1.712 0.455
2.182 0.165

-0.220 -1.177
0.323 -1.137

-3.315 -1.175
-2.811 -1.094

1.198 0.709
1.759 0.507

-3.869 -2.249
-3.789 -2.042

-0.461 0.857
-0.256 0.811

0.243 -1.144
0.825 -1.128

-3.672 -3.251
-3.828 -2.838

-1.586 1.681
-1.021 1.549

0.775 1.002
1.266 0.690

0.809 -1.122
1.306 -1.172

-2.150 1.709
-1.579 1.607

3.936 -3.066
3.881 -2.547

0.272 1.195
0.789 0.995

-4.249 2.043
-3.932 2.473

-0.003 1.408
0.330 1.172

2.928 -1.393
2.996 -1.039

3.368 -1.068
3.921 -1.261

-3.889 1.373
-4.005 1.960

-0.340 0.704
-0.519 1.172

-3.905 0.847
-4.048 1.348

3.871 -0.526
4.379 -0.498

-0.850 1.668
-0.389 1.438

-3.965 0.530
-4.071 1.112

1.648 0.503
2.042 0.308

-4.193 0.116
-3.848 0.475

-1.504 1.623
-0.907 1.627

0.957 0.888
1.431 0.567

-4.188 0.081
-3.850 -0.232

0.699 1.104
0.961 0.900

-1.957 1.723
-1.428 1.542

-1.321 -1.150
-0.728 -1.147

-3.967 -0.707
-3.870 -0.258

-2.407 1.680
-1.882 1.660

-3.912 -1.237
-3.954 -0.675

-3.919 3.510
-4.053 3.921

-3.970 2.893
-4.081 3.360

-1.209 -1.150
-0.653 -1.143

-3.793 -1.153
-3.259 -1.114

-3.931 2.744
-3.999 3.319

-0.356 0.760
-0.523 1.141

-0.666 -3.542
-0.537 -3.072

0.484 1.074
0.884 0.985

-3.867 4.112
-3.515 3.768

-1.083 -3.826
-0.631 -3.658

-3.944 -1.140
-4.024 -0.573

-1.174 -4.133
-1.231 -3.552

1.009 0.972
1.515 0.695

-1.288 -4.122
-1.583 -3.663

-3.560 4.339
-3.102 4.026

1.825 0.252
1.681 0.709

-1.912 -4.249
-1.697 -3.721

-4.073 -0.653
-3.939 -0.091

-2.657 3.955
-2.548 4.280

-2.685 -3.946
-2.245 -4.237

3.991 -0.929
3.823 -0.744

-3.255 -1.109
-2.669 -1.146

-0.496 -1.107
0.097 -1.149

-3.976 -0.174
-3.937 0.405

-1.068 -1.139
-0.536 -1.148

-2.506 1.613
-1.940 1.710

-3.724 -1.129
-3.233 -1.151

-1.142 -1.481
-1.237 -1.087

-3.815 -1.239
-3.982 -0.757

1.182 -4.095
1.543 -4.097

-3.953 0.379
-3.938 0.938

-2.000 1.601
-1.489 1.698

-0.624 -3.204
-0.205 -3.604

-3.951 -0.736
-3.923 -0.160

-0.798 -3.932
-0.699 -3.441

-1.471 1.658
-0.993 1.695

-3.944 0.917
-3.936 1.391

-3.936 1.391
-3.949 1.743

-0.923 1.614
-0.329 1.591

-3.937 -0.201
-3.923 0.380

-3.922 1.860
-3.917 2.294

-3.191 -1.111
-2.645 -1.186

-3.934 2.666
-3.896 3.218

-0.322 0.999
-0.520 1.530

-3.931 0.317
-3.944 0.894

-3.626 -1.155
-3.113 -1.130

-3.831 3.838
-3.283 4.024

1.378 0.575
1.771 0.439

1.771 0.439
2.159 0.397

-3.918 0.845
-3.949 1.396

-0.627 0.841
-0.224 1.266

-3.949 1.385
-3.924 1.927

-2.638 1.689
-2.112 1.832

-3.729 -1.466
-3.726 -0.907

-3.918 -0.580
-3.920 -0.176

-3.944 1.868
-3.925 2.388

-3.970 -0.061
-3.931 0.409

-3.410 3.851
-2.867 4.054

-3.912 0.655
-3.928 1.116

-3.924 2.375
-3.956 2.902

-2.768 3.933
-2.196 3.981

-3.950 1.130
-3.909 1.610

-3.887 2.864
-3.982 3.344

-2.245 4.000
-1.745 3.894

-3.975 3.420
-3.877 3.984

-1.705 3.926
-1.243 3.936

-3.935 1.673
-3.912 2.209

-1.212 3.820
-0.755 4.047

-2.477 1.805
-1.878 1.809

-3.777 4.048
-3.283 3.814

-0.542 3.537
-0.437 4.072

-2.037 -3.985
-1.619 -3.694

-3.929 2.015
-3.956 2.567

-0.479 2.949
-0.549 3.514

-3.386 3.896
-2.813 3.942

-3.011 -1.492
-2.755 -0.958

-0.413 2.540
-0.629 3.005

-3.386 -1.315
-3.424 -0.898

-0.569 1.966
-0.428 2.510

-3.948 2.644
-3.964 3.242

-2.890 3.928
-2.310 3.948

-0.863 1.780
-0.267 1.839

-3.920 0.313
-3.953 0.909

-1.515 1.753
-0.970 1.834

-3.921 1.009
-3.956 1.467

-3.917 3.225
-3.980 3.708

-2.376 3.895
-1.844 3.964

-3.941 1.359
-3.932 1.749

-1.928 1.813
-1.335 1.768

-2.274 3.923
-1.713 3.949

-1.090 1.779
-0.674 1.755

-3.944 0.628
-3.953 1.106

-3.943 3.325
-3.968 3.915

-4.007 -0.263
-4.009 0.336

-0.362 1.717
-0.470 2.237

-3.899 -1.285
-3.379 -1.339

-2.876 3.967
-2.301 3.902

-3.392 -1.345
-2.961 -1.105

-0.475 2.235
-0.500 2.832

-3.987 2.690
-3.920 3.271

-0.429 2.795
-0.549 3.376

-1.729 -4.130
-1.348 -3.719

-1.206 -3.891
-1.033 -3.422

-0.670 3.340
-0.344 3.782

-3.348 3.911
-2.799 3.952

-0.671 3.834
-0.343 3.928

-3.939 2.222
-3.966 2.768

-1.275 3.922
-0.816 3.943

-2.512 1.779
-2.028 1.827

-3.838 3.944
-3.261 3.904

-3.914 1.709
-3.995 2.255

-1.932 3.931
-1.364 3.928

-2.018 1.766
-1.513 1.857

-3.965 1.222
-3.951 1.722

-1.345 1.772
-1.015 1.774

-3.864 0.680
-4.020 1.179

-3.908 3.472
-3.986 4.003

-3.940 2.942
-3.964 3.534

-3.980 0.176
-3.907 0.525

-2.549 3.927
-2.044 3.932

-3.941 2.413
-3.936 2.966

-1.086 1.802
-0.493 1.800

-4.038 -1.149
-3.456 -1.058

-2.069 1.833
-1.552 1.834

-3.938 1.828
-3.960 2.427

-2.591 1.700
-2.242 1.847

-0.377 0.838
-0.574 1.357

-3.946 1.349
-3.939 1.944

-2.994 4.142
-2.538 3.779

-3.769 -1.165
-3.182 -1.217

-3.533 4.074
-3.013 3.877

-3.952 0.852
-3.926 1.428

-0.361 0.749
-0.549 1.301

-3.025 -1.199
-2.783 -1.029

-3.981 4.124
-3.519 3.958

-3.940 3.138
-3.946 3.712

-1.874 -4.359
-1.571 -3.891

-3.960 0.367
-3.944 0.895

-3.909 2.597
-3.936 3.076

-0.739 1.643
-0.387 1.374

-3.881 2.036
-3.960 2.554

-0.604 -3.895
-0.830 -3.488

-3.942 -0.172
-3.970 0.401

-1.506 1.561
-0.917 1.638

-3.944 -0.600
-3.962 -0.158

-3.940 1.458
-3.970 2.016

-1.268 -1.563
-1.192 -1.134

-3.865 -1.132
-3.997 -0.655

-1.291 -1.037
-0.782 -1.198

-3.941 0.873
-4.012 1.431

-0.754 -1.145
-0.356 -1.134

-3.880 -1.211
-3.309 -1.091

0.362 -1.219
0.548 -1.199

-3.405 -1.234
-2.842 -1.114

-2.072 1.616
-1.479 1.648

-2.712 -1.285
-2.842 -1.088

-3.055 -3.848
-3.123 -3.573

-3.954 0.300
-3.954 0.895

-3.035 -4.060
-2.537 -4.076

3.889 -0.447
4.297 -0.804

-2.196 -4.240
-2.429 -3.702

3.880 -0.198
4.257 -0.528

-2.407 -4.363
-2.369 -3.829

3.922 -0.963
4.388 -0.969

-2.205 1.590
-1.632 1.706

-2.777 -4.343
-2.570 -3.786

-2.865 -4.250
-2.691 -3.710

3.034 -1.128
3.265 -1.187

-2.581 -4.239
-2.537 -3.707

-1.544 1.632
-0.956 1.655

-2.294 -4.271
-2.297 -3.690

2.883 -1.131
3.393 -1.141

-1.049 1.582
-0.521 1.648

-2.448 -4.205
-2.077 -3.751

-0.757 1.511
-0.470 1.734

3.708 -0.949
4.203 -0.666

-1.239 -1.147
-0.641 -1.135

-0.278 0.654
-0.543 1.143

2.889 -1.104
3.333 -1.174

-3.958 0.156
-4.013 0.712

-0.141 1.496
0.318 1.153

-4.324 1.098
-3.801 0.956

-4.094 1.541
-3.752 1.212

-4.083 1.257
-4.122 1.851

-0.826 -1.144
-0.256 -1.113

-3.969 0.861
-4.329 1.236

-4.015 0.235
-4.024 0.791

3.986 -1.180
4.120 -0.710

-0.235 -1.151
0.318 -1.117

0.272 1.248
0.770 0.941

0.252 -1.116
0.757 -1.112

-4.165 -0.365
-3.743 -0.389

-4.044 0.015
-3.818 -0.020

-4.432 0.057
-3.908 -0.002

0.809 0.942
1.315 0.684

-4.231 0.102
-3.711 -0.027

3.947 -1.001
3.986 -0.501

-4.268 0.383
-4.034 0.654

3.144 -1.132
3.531 -1.156

-3.984 0.902
-3.652 0.649

1.287 0.725
1.673 0.455

-4.296 1.184
-3.942 1.519

2.549 -1.235
2.954 -1.105

1.700 0.476
2.187 0.175

3.881 -2.616
4.052 -2.184

0.769 -1.118
1.362 -1.118

-0.542 0.795
-0.181 1.260

4.022 -3.493
3.954 -3.037

3.976 1.069
3.993 1.657

-0.466 1.585
-0.076 1.430

3.989 0.676
3.984 1.014

3.641 -3.924
4.076 -3.694

0.024 1.405
0.474 1.121

3.950 -0.006
3.936 0.565

3.255 -4.273
3.549 -3.756

0.625 1.013
1.089 0.782

1.300 -1.341
1.316 -1.092

3.876 -0.651
4.006 -0.066

2.654 -3.873
3.050 -4.038

1.170 0.749
1.477 0.577

2.662 -1.342
2.697 -1.112

2.056 -4.094
2.612 -3.915

1.554 0.586
2.030 0.282

-0.231 -1.940
-0.156 -1.372

1.637 0.571
2.145 0.271

1.657 -3.975
2.223 -3.970

1.114 0.852
1.573 0.471

-3.619 -3.512
-3.122 -3.633

4.014 -1.902
3.884 -1.338

0.644 0.987
1.006 0.948

-3.001 -3.819
-2.556 -3.855

0.282 1.218
0.529 0.987

2.475 -4.057
3.033 -3.875

-0.199 1.437
0.045 1.501

2.999 -1.308
3.578 -1.317

3.036 -3.911
3.429 -4.083

-0.142 -3.607
-0.409 -3.144

3.573 -4.156
3.965 -3.732

-0.345 -3.915
0.225 -3.892

2.572 -1.145
2.936 -1.395

0.977 -1.314
1.465 -1.252

3.907 0.639
3.977 0.873

4.007 -3.735
3.898 -3.283

0.275 -3.954
0.860 -3.958

0.475 -1.286
0.931 -1.320

3.959 -3.291
3.916 -2.737

-0.007 -1.341
0.447 -1.310

0.827 -3.923
1.403 -3.915

4.041 -2.762
3.943 -2.248

-0.135 -1.868
-0.216 -1.304

1.955 0.387
2.442 0.111

1.363 -4.071
1.894 -3.894

-0.326 -2.148
0.013 -1.824

-4.140 -2.660
-3.607 -2.890

1.523 0.682
1.923 0.335

3.951 -2.272
3.961 -1.733

1.879 -3.862
2.344 -3.963

1.011 0.882
1.466 0.593

3.664 -1.277
4.115 -1.619

0.619 1.098
0.908 0.836

2.360 -3.944
2.894 -4.062

-0.077 1.458
0.444 1.189

2.974 -1.340
3.520 -1.313

-0.092 -3.533
-0.483 -3.130

2.854 -3.988
3.415 -3.978

3.415 -3.978
3.868 -4.032

3.616 -3.959
4.113 -4.005

1.250 -1.424
1.302 -1.099

-0.044 -3.970
-0.214 -3.427

0.197 1.163
-0.147 1.517

2.991 -3.921
3.465 -3.969

2.615 -1.266
3.196 -1.301

0.307 1.301
0.735 1.098

-3.656 -3.857
-3.300 -3.735

2.365 -4.027
2.948 -3.917

3.536 -1.303
4.120 -1.346

-4.059 -3.626
-3.519 -3.488

1.000 0.752
0.908 1.095

-3.773 -3.535
-3.322 -3.426

-3.964 -3.371
-3.542 -3.234

1.850 -4.019
2.446 -3.953

-3.942 -3.069
-3.544 -3.014

-4.059 -3.455
-3.537 -3.296

0.853 -1.333
1.411 -1.263

-3.765 -3.689
-3.226 -3.527

1.344 -3.899
1.914 -4.012

3.643 -1.342
4.203 -1.529

-3.552 -3.740
-2.971 -3.694

0.348 -1.325
0.943 -1.302

-3.096 -3.959
-2.674 -3.823

2.863 -1.323
3.271 -1.246

-0.212 -1.413
0.348 -1.241

2.553 -1.325
2.895 -1.222

-2.939 -3.899
-2.369 -3.892

0.919 -3.920
1.493 -4.011

-3.264 -3.603
-2.958 -3.804

-0.141 -1.913
-0.148 -1.384

0.245 -4.020
0.799 -3.900

3.888 -1.809
3.938 -1.223

-3.943 -3.447
-3.370 -3.514

0.072 -4.024
0.259 -3.934

3.767 -1.894
4.285 -1.765

-0.674 -1.993
-0.104 -2.173

-4.048 -2.985
-3.613 -3.376

-0.664 -3.255
-0.112 -3.166

3.722 -2.390
4.309 -2.349

4.087 -2.363
4.401 -2.342

-0.974 -1.615
-0.616 -1.941

3.678 -2.367
4.070 -2.370

-1.063 -3.693
-0.636 -3.358

-1.224 -1.544
-0.998 -1.567

-1.571 1.693
-1.558 2.025

-1.577 1.381
-1.628 1.870

3.819 -2.395
4.389 -2.337

-1.699 1.531
-1.659 2.085

3.678 -2.387
4.202 -2.364

3.874 -2.376
4.295 -2.367

3.731 -2.386
3.960 -2.372

-1.520 -3.917
-1.011 -3.664

3.986 -2.370
4.379 -2.344

3.704 -2.391
4.044 -2.374

4.044 -2.374
4.442 -2.340

-2.021 1.395
-2.009 1.975

-2.334 1.590
-2.301 1.979

-4.174 -2.899
-3.652 -2.952

-4.077 3.209
-3.951 3.725

-3.812 -3.277
-3.362 -3.595

-0.792 -1.802
-0.309 -2.141

-3.106 -1.523
-2.692 -1.270

-1.139 -1.502
-0.670 -1.837

-1.897 -3.952
-1.347 -3.815

-3.580 -1.799
-3.141 -1.477

-3.383 -3.623
-2.831 -3.854

-1.167 -1.674
-1.260 -1.130

-0.552 0.617
-0.470 0.990

-1.117 -3.722
-0.618 -3.416

-3.879 -2.216
-3.557 -1.749

-0.996 1.451
-0.540 1.793

-2.917 -3.863
-2.399 -3.919

-0.654 -3.398
-0.431 -3.216

-1.084 1.280
-1.318 1.819

3.718 -3.772
4.024 -3.558

-3.916 -2.754
-3.915 -2.181

-2.125 1.433
-1.767 1.881

3.926 -2.229
4.311 -2.006

-2.450 -3.953
-1.856 -3.969

-3.528 4.098
-3.193 3.831

-3.831 -3.173
-3.947 -2.649

-3.874 -3.208
-3.392 -3.516

-0.363 -2.207
-0.670 -1.833

-1.942 -3.974
-1.400 -3.822

-3.177 -1.512
-2.664 -1.360

-3.467 -3.582
-2.910 -3.792

-1.116 -1.484
-0.649 -1.836

-1.383 -3.895
-0.901 -3.605

-3.594 -1.809
-3.119 -1.502

-1.194 -1.672
-1.256 -1.234

-3.851 -2.202
-3.609 -1.720

-0.903 -3.647
-0.518 -3.262

-2.969 -3.821
-2.411 -3.965

-4.038 -2.704
-3.899 -2.144

-1.673 1.480
-1.852 2.051

-2.205 1.979
-2.061 2.052

3.738 -2.811
4.272 -2.622

3.908 -2.088
4.235 -2.387

-2.517 -3.915
-1.936 -3.958

3.801 -1.431
4.049 -1.548

-3.775 -3.182
-4.054 -2.656

-3.619 3.604
-3.520 4.081

-1.981 -3.988
-1.477 -3.839

-3.800 -3.196
-3.366 -3.582

-0.357 -2.186
-0.707 -1.744

-3.180 -1.539
-2.638 -1.334

-1.168 -1.554
-0.617 -1.750

-1.460 -3.917
-0.963 -3.631

-3.399 -3.625
-2.881 -3.838

-3.568 -1.718
-3.034 -1.538

-1.161 -1.506
-1.316 -1.173

-0.497 0.809
-0.405 1.147

-0.947 -3.706
-0.578 -3.293

-0.511 1.397
-0.446 1.579

-0.860 1.618
-0.517 1.956

2.415 -3.898
2.539 -3.853

-0.866 1.313
-0.803 1.868

3.216 -3.885
3.499 -3.950

-0.769 1.592
-0.797 1.972

-0.898 1.371
-0.774 1.859

-3.822 -2.037
-3.410 -1.679

-2.818 -3.841
-2.276 -4.015

-0.896 1.441
-0.937 1.923

-3.255 -1.591
-2.691 -1.389

-0.450 -2.105
-0.872 -1.680

-1.263 1.505
-0.915 1.934

-1.375 -1.439
-0.859 -1.711

-3.987 -0.780
-3.896 -0.334

-2.727 -4.011
-2.137 -3.942

-0.965 1.748
-0.515 1.402

-3.961 -0.297
-4.019 0.249

-3.211 -3.572
-2.885 -3.787

-4.009 0.258
-3.953 0.776

-0.442 0.625
-0.432 1.210

-3.500 -3.921
-3.289 -3.460

-4.019 0.872
-4.056 1.452

-3.465 -3.466
-3.749 -3.066

-3.888 1.493
-4.090 1.846

0.558 0.969
0.210 1.410

-3.852 1.945
-3.921 2.539

-3.946 -3.170
-3.935 -2.642

-1.410 -1.337
-0.888 -1.044

-4.015 -2.422
-3.747 -2.230

0.736 0.963
1.268 0.801

-2.557 1.676
-1.976 1.681

1.489 0.492
1.204 0.884

-1.923 1.696
-1.370 1.708

-3.090 -1.097
-2.536 -1.321

1.560 0.450
2.100 0.329

-4.001 -0.933
-3.515 -1.224

-1.373 1.533
-0.828 1.687

-0.851 -1.132
-0.268 -1.123

-4.255 -0.818
-3.769 -0.484

-4.064 -0.363
-3.828 -0.357

-0.393 -1.134
0.168 -1.117

3.705 -0.177
4.277 -0.024

-0.248 1.454
0.291 1.275

3.923 -0.128
4.311 -0.107

3.739 -0.074
4.219 -0.247

-4.300 -0.303
-3.786 -0.341

0.226 1.283
0.728 0.968

0.098 -1.154
0.662 -1.099

3.828 -0.479
4.307 -0.496

-4.387 -0.008
-3.854 0.146

-4.092 0.468
-3.699 0.308

0.698 0.988
1.204 0.705

-4.334 0.663
-3.764 0.555

-3.884 0.101
-3.726 0.340

0.579 -1.143
1.121 -1.126

-4.365 0.024
-3.815 -0.161

-4.078 -0.192
-3.714 -0.307

1.119 0.813
1.619 0.495

1.352 -4.288
1.612 -3.760

-4.277 -0.008
-3.945 -0.087

1.618 0.501
2.109 0.259

1.832 -4.339
1.719 -3.766

-4.221 -0.045
-3.700 -0.041

1.888 -4.252
2.303 -3.835

-4.491 -0.246
-4.141 -0.523

2.450 -4.100
2.634 -3.713

-4.285 -0.856
-3.747 -0.627

2.065 0.231
2.475 0.162

4.062 -0.774
3.858 -0.257

-3.406 -1.171
-3.027 -1.266

-0.798 -1.149
-0.251 -1.186

1.533 3.959
2.103 4.111

0.124 -1.121
0.534 -1.145

1.472 3.784
1.384 4.242

2.612 -1.158
3.191 -1.110

1.392 3.664
1.188 4.056

0.646 -1.108
1.074 -1.126

3.962 -0.263
3.920 0.260

0.992 3.844
0.714 4.362

3.122 -1.107
3.708 -1.115

0.142 3.992
0.686 3.769

-0.262 -3.424
-0.106 -3.082

3.808 -1.284
3.955 -0.780

3.923 0.262
3.933 0.754

-0.055 -3.969
-0.365 -3.458

-0.276 3.013
-0.511 3.402

-0.083 -4.193
0.260 -3.957

0.608 -4.250
0.403 -3.850

3.922 -0.704
3.918 -0.119

3.934 0.777
3.927 1.221

-0.640 2.254
-0.269 1.956

3.920 1.274
3.898 1.756

0.733 1.260
1.108 1.049

3.946 1.898
3.925 2.380

2.583 -1.198
3.165 -1.072

3.910 -0.159
3.898 0.410

1.241 1.006
1.708 0.760

3.886 3.336
3.942 3.758

3.375 3.952
3.901 4.108

3.078 -1.135
3.663 -1.133

2.864 4.025
3.406 4.015

3.918 0.362
3.908 0.919

3.757 -1.334
3.880 -0.808

2.654 3.707
2.685 4.156

3.899 0.871
3.921 1.463

3.933 -0.552
3.896 0.002

1.966 4.086
2.483 3.866

3.920 1.386
3.924 1.925

3.941 0.019
3.888 0.592

1.292 3.991
1.870 3.966

0.676 4.065
1.249 3.913

3.942 1.909
3.921 2.437

0.098 3.959
0.677 3.983

3.935 2.478
3.890 2.947

1.751 0.679
2.292 0.468

3.928 0.539
3.916 1.131

3.896 3.008
3.948 3.531

-0.234 3.162
-0.507 3.637

3.998 3.689
3.653 4.037

-0.681 2.886
-0.179 2.768

2.225 0.490
2.486 0.288

3.013 3.881
3.591 4.010

-0.649 2.431
-0.171 2.235

1.635 -3.715
2.020 -3.719

3.920 1.073
3.928 1.659

2.104 -4.331
2.314 -3.877

2.525 3.890
3.050 4.113

-0.554 2.022
-0.065 1.713

2.036 3.810
2.497 4.066

0.075 1.561
0.464 1.379

3.901 1.593
3.969 2.118

2.792 -1.398
2.941 -0.970

2.941 -0.970
3.444 -1.347

0.372 1.411
0.863 1.212

-0.194 1.747
0.273 1.530

1.604 3.954
2.179 3.992

3.928 1.766
3.962 2.363

-0.263 1.818
-0.438 2.368

2.013 0.570
2.476 0.276

2.441 4.012
3.009 3.971

3.955 1.093
3.919 1.656

-0.200 2.390
-0.474 2.854

2.938 3.881
3.407 3.959

-0.460 2.918
-0.450 3.487

3.949 0.658
3.885 1.127

3.453 4.017
3.958 3.895

-0.359 3.457
-0.445 3.887

1.544 0.816
2.038 0.531

-0.552 4.056
-0.073 3.895

3.886 3.381
4.044 3.928

3.992 0.161
3.849 0.649

-0.130 4.047
0.414 3.808

3.938 2.977
4.001 3.457

3.979 -0.489
3.939 0.103

0.362 3.977
0.887 3.883

1.210 1.007
1.662 0.759

3.861 -1.369
3.890 -0.990

3.953 2.357
3.911 2.949

0.941 4.016
1.459 3.911

3.050 -1.074
3.599 -1.065

0.728 1.264
1.202 0.996

1.454 4.033
2.021 3.870

0.317 1.448
0.695 1.308

3.075 -1.393
2.703 -0.987

3.958 1.845
3.959 2.436

-0.143 1.704
0.336 1.482

2.008 4.071
2.524 3.904

-0.213 1.767
-0.510 2.097

3.947 1.312
4.007 1.890

1.923 0.646
2.442 0.357

2.525 3.836
3.088 4.018

-0.499 2.152
-0.335 2.679

-0.648 2.828
-0.161 3.110

3.112 3.913
3.660 4.108

3.900 0.791
4.015 1.373

-0.309 3.271
-0.465 3.792

4.024 3.655
3.719 4.148

4.012 0.283
3.876 0.841

1.480 0.863
1.982 0.567

-0.609 4.029
-0.056 3.848

4.020 -0.075
3.876 0.364

3.948 3.124
3.948 3.615

0.026 3.822
0.318 4.127

