-0.000 -0.000
0.000 0.000
0.000 0.000
0.000 0.000
0.000 0.000
0.000 0.000
0.000 0.000
0.023 0.023
0.057 0.057
0.100 0.100
0.133 0.133
0.162 0.162
0.188 0.188
0.235 0.235
0.267 0.267
0.288 0.288
0.326 0.326
0.393 0.393
0.430 0.430
0.461 0.461
0.507 0.507
0.555 0.555
0.579 0.579
0.623 0.623
0.655 0.655
0.723 0.723
0.788 0.788
0.859 0.859
0.944 0.944
1.026 1.026
1.098 1.098
1.129 1.129
1.153 1.153
1.159 1.159

1.437 1.437
1.471 1.471
1.494 1.494
1.503 1.503
1.492 1.492
1.430 1.430
1.335 1.335
1.234 1.234
1.172 1.172
1.118 1.118
1.046 1.046
0.947 0.947
0.876 0.876
0.820 0.820
0.768 0.768
0.700 0.700
0.642 0.642
0.592 0.592
0.521 0.521
0.453 0.453
0.410 0.410
0.325 0.325
0.233 0.233
0.167 0.167
0.120 0.120
0.086 0.086
0.062 0.062
0.044 0.044
-0.034 -0.034
-0.102 -0.102
-0.140 -0.140
-0.169 -0.169
-0.206 -0.206

