0.84375 2.91265342319
1.6875 2.8778519727
2.53125 2.9293855723
4.21875 2.14505707366
6.75 3.277564683
7.59375 3.3437039388
8.4375 3.33243624198
9.28125 3.36177368949
10.125 3.35178127324
10.96875 3.35545277179
11.8125 3.37439702786
12.65625 3.37836756279
13.5 3.02886158985
14.34375 3.32926256112
15.1875 2.19018468062
17.71875 3.80242470334
18.5625 3.34636041363
19.40625 3.94723898042
20.25 3.90221122073
21.09375 3.81227883385
21.9375 3.81214305049
22.78125 3.6935170651
23.625 3.61610258902
24.46875 3.63714319094
25.3125 3.68182421445
26.15625 3.68469796787
27.0 3.6941695396
27.84375 3.68354058965
28.6875 3.67394882082
29.53125 3.40105476351
31.21875 3.54591477164
32.0625 3.65393079238
32.90625 3.62891331852
33.75 3.62829093505
34.59375 3.59053388258
35.4375 3.59056881098
36.28125 3.45042844652
37.125 3.34464899165
37.96875 3.30609393082
38.8125 3.29751418591
39.65625 3.2456571576
40.5 3.2772036612
43.03125 2.80845401504
44.71875 2.47681917463
45.5625 3.21485821785
46.40625 3.24298525183
47.25 3.27718484184
48.09375 3.32784191236
48.9375 3.42710122762
49.78125 3.28104799974
50.625 3.33018516746
51.46875 2.87175151207
52.3125 2.94636690468
53.15625 3.63474901877
54.0 3.40823004442
54.84375 3.64787237627
55.6875 3.64488903511
56.53125 3.63998410816
57.375 3.64567187267
58.21875 3.6674861403
59.0625 3.68286328911
59.90625 3.70782064939
60.75 3.74488322095
61.59375 3.73265949888
62.4375 3.73973329604
63.28125 3.75418341665
64.125 3.74337560491
64.96875 3.75224290616
65.8125 3.75319657649
66.65625 3.77157574658
67.5 3.74062729343
68.34375 3.74998721679
69.1875 3.75037700157
70.03125 3.58024562452
70.875 3.68579771122
71.71875 3.88335656532
72.5625 3.9355064055
73.40625 3.95753373981
74.25 3.96261012327
75.09375 4.00789882378
75.9375 4.01690762051
76.78125 4.02000805492
77.625 3.97274529793
78.46875 3.96335821288
79.3125 3.96636661944
80.15625 3.95919739101
81.0 3.95462156185
81.84375 3.92035154212
82.6875 3.99511416777
83.53125 4.03639171991
84.375 4.04787927696
85.21875 4.03332302531
86.0625 3.9787108138
86.90625 4.11713710626
87.75 4.18565578293
88.59375 4.20082371684
89.4375 4.27494775745
90.28125 4.26878974929
91.125 4.21426316937
91.96875 4.02494429568
92.8125 4.02662586281
93.65625 4.0110407088
94.5 3.9582451251
95.34375 3.56293284284
97.875 3.58210500081
98.71875 4.12778542012
99.5625 4.09872018932
100.40625 4.13899359632
101.25 4.14320470854
102.09375 4.12660769693
102.9375 4.17350667459
103.78125 4.17202164491
104.625 4.35296201828
105.46875 4.44699668233
106.3125 4.53049007452
107.15625 4.58111529624
108.0 4.56472882883
108.84375 4.65958970995
109.6875 4.81426223316
110.53125 6.49313991561
111.375 4.88452629932
112.21875 4.77689506811
113.0625 4.24045223686
113.90625 4.29336642876
114.75 4.26691978875
115.59375 4.32806520791
116.4375 4.35926476473
117.28125 4.52090631107
118.125 4.69546424372
118.96875 4.89140870198
119.8125 4.64587395168
120.65625 3.80440766064
121.5 3.80167029661
122.34375 3.91760288147
123.1875 3.89629114066
124.03125 3.96334304423
124.875 4.00785324125
125.71875 4.01106207921
126.5625 3.98768279114
127.40625 4.14380148447
128.25 4.2668694423
129.09375 3.87333788519
129.9375 5.86765987444
130.78125 4.8596064066
132.46875 5.55107786466
133.3125 6.05544490303
134.15625 6.32695858244
135.0 6.21203928706
135.84375 5.94609080576
136.6875 5.89350397002
137.53125 5.13835016385
138.375 5.44631847659
139.21875 5.2502250831
140.0625 6.07414867742
140.90625 5.4831286624
141.75 4.95788647106
142.59375 5.85705814161
143.4375 6.01886036933
144.28125 5.98566111503
145.125 5.95199139356
145.96875 5.77316551269
146.8125 4.49619132522
147.65625 4.09566100272
148.5 4.23593391005
149.34375 3.77126854818
150.1875 3.79771389813
151.03125 3.93570124686
151.875 3.93386825319
152.71875 3.94261675037
153.5625 3.86053486879
154.40625 3.83470492881
155.25 3.88639047341
156.09375 3.94255208454
156.9375 3.92651090526
157.78125 3.88102726376
158.625 6.39975672827
159.46875 6.35490915805
160.3125 6.38906746686
161.15625 6.26419528638
162.0 5.98173543014
162.84375 4.28956904377
163.6875 3.98620207326
164.53125 4.01092179848
165.375 3.9615507081
166.21875 3.90888809158
167.0625 3.70018913393
167.90625 3.69417568504
168.75 3.56035573694
170.4375 4.70567722187
171.28125 4.37712764981
172.125 3.47330615689
172.96875 4.29119765633
173.8125 4.17826012799
174.65625 4.18164308587
175.5 4.15885844534
176.34375 4.14491679189
177.1875 4.12693695446
178.03125 4.14037082433
178.875 4.0977338224
179.71875 4.08726149452
180.5625 4.05649047939
181.40625 3.92666753447
182.25 3.9011478516
183.09375 3.89931501413
183.9375 3.82586158953
184.78125 3.82891327374
185.625 3.73651295673
186.46875 3.77285150729
187.3125 3.44113160021
188.15625 3.50540167377
189.0 3.50432862233
189.84375 3.52387506462
190.6875 3.51791027884
191.53125 3.50459896631
192.375 3.41231224907
193.21875 3.38771805059
194.0625 3.38679407941
194.90625 3.31038289258
195.75 3.17505780511
196.59375 3.26458590484
197.4375 3.2477677961
198.28125 3.23357324628
199.125 3.2007490745
199.96875 3.19692412245
200.8125 3.10094592474
201.65625 2.91241505543
202.5 2.679707161
203.34375 2.37418048084
204.1875 2.28262210016
205.03125 2.4887849417
205.875 2.12342815508
206.71875 2.24802491704
207.5625 2.26032460921
208.40625 2.74644640021
209.25 2.89037917356
210.09375 2.938131652
210.9375 2.88587627622
211.78125 2.88999179278
212.625 2.85736831696
213.46875 2.78760034464
214.3125 2.77813572962
215.15625 2.77171611504
216.0 2.77600234811
216.84375 2.81240068896
217.6875 2.81357983601
218.53125 2.79793638284
219.375 2.7599606658
220.21875 2.7286063951
221.0625 2.70006442422
221.90625 2.64391663883
222.75 2.3388428934
223.59375 2.42273098167
224.4375 2.41519408679
225.28125 2.3374584141
226.125 2.40451550654
226.96875 2.05702182611
227.8125 2.31496531652
228.65625 2.28490527844
229.5 2.19375896265
230.34375 1.9484873565
231.1875 2.29349890016
232.875 2.48586249688
233.71875 2.49961491089
234.5625 2.51267384764
235.40625 2.53145892081
236.25 2.52089850827
237.09375 2.51865650065
237.9375 2.49099701871
238.78125 2.51176719349
239.625 2.52892482346
240.46875 2.520785344
241.3125 2.5075220898
242.15625 2.49743711081
243.0 2.49881081224
243.84375 2.49735157662
244.6875 2.51050414373
245.53125 2.50850177374
246.375 2.51396617541
247.21875 2.51058049312
250.59375 1.85837699455
251.4375 1.90566045893
252.28125 1.88858085234
253.125 1.89406315823
253.96875 1.88842090312
254.8125 1.89631547064
255.65625 1.89897231917
256.5 1.88143477997
257.34375 1.90414834075
258.1875 1.87017690267
259.03125 1.94131781978
259.875 1.96723646233
260.71875 1.76646211786
261.5625 2.12450511593
262.40625 2.06026638161
263.25 2.18232156358
264.09375 1.48111571206
264.9375 2.3746617932
265.78125 2.14090351693
266.625 2.47044719864
267.46875 2.54056483473
268.3125 2.56544253012
269.15625 2.59159382198
270.0 2.60377448842
270.84375 2.58607857972
271.6875 2.58326682763
272.53125 2.57950362668
273.375 2.60336347185
274.21875 2.60392153554
275.0625 2.6094469866
275.90625 2.61201362812
276.75 2.60606346331
277.59375 2.61736231843
278.4375 2.54578939009
279.28125 2.46312006118
280.125 2.3425799541
280.96875 2.27752414683
281.8125 2.26627231249
282.65625 2.26536922193
283.5 2.27325708938
0.84375 2.90580063054
1.6875 2.92374496876
2.53125 2.92707900922
3.375 2.93545765461
4.21875 2.94936490966
5.0625 2.93160266866
5.90625 2.93109284203
9.28125 3.04163676356
10.125 3.32164244926
10.96875 3.34305987054
11.8125 3.36402106346
12.65625 3.33946497571
13.5 3.36883514635
14.34375 3.38918672874
15.1875 3.35298456018
16.03125 3.10907541942
19.40625 3.60992259985
20.25 3.88327757652
21.09375 3.9018781481
21.9375 3.93793312839
22.78125 3.92928284703
23.625 3.84925640984
24.46875 3.75674578609
25.3125 3.76911939492
26.15625 3.67512017539
27.0 3.68611147883
27.84375 3.71916402372
28.6875 3.71553911165
29.53125 3.71643229376
30.375 3.70488185664
31.21875 3.64185991399
32.0625 3.40743314711
32.90625 3.04502040466
33.75 3.67164227595
34.59375 3.59613090837
35.4375 3.62774094025
36.28125 3.65558502039
37.125 3.58708013558
37.96875 3.573024261
38.8125 3.414628349
39.65625 3.3355424963
40.5 3.29709710244
41.34375 3.25130202167
46.40625 2.81786644672
47.25 3.1276872555
48.09375 3.22972141228
48.9375 3.26225600266
49.78125 3.31995228688
50.625 3.47933864934
51.46875 3.51628877351
52.3125 3.54511465969
53.15625 3.61570967367
54.0 3.5723567667
54.84375 3.59786174414
55.6875 3.62295866215
56.53125 3.60435186253
57.375 3.67130080759
58.21875 2.79404817104
59.0625 3.30541728978
59.90625 3.58608983626
60.75 3.4928541938
61.59375 3.85574653149
62.4375 3.60806774944
63.28125 3.70953009675
64.125 3.69808433797
64.96875 3.75877027447
65.8125 3.75706790696
66.65625 3.75572540332
67.5 3.78587080948
68.34375 3.71463463766
69.1875 3.41468737388
70.03125 3.65276112177
70.875 3.68502435419
71.71875 2.99916642904
72.5625 3.38951189663
73.40625 3.76051363957
74.25 3.96473147877
75.09375 4.00497043232
75.9375 4.02859018323
76.78125 4.06737260077
77.625 4.05930719496
78.46875 4.07561300996
79.3125 3.97738867986
80.15625 3.86656348746
81.0 3.92058344399
81.84375 3.94017948921
82.6875 3.95918460797
83.53125 3.88691019433
84.375 3.06432485911
85.21875 2.57901108561
86.0625 2.87098720993
86.90625 2.80262623828
87.75 3.52701449492
88.59375 3.99920005128
89.4375 4.15956247326
90.28125 4.21109535565
91.125 4.25370252515
91.96875 4.2770889907
92.8125 4.29498195597
93.65625 4.20227644889
94.5 4.02613485257
95.34375 4.03642318253
96.1875 4.01197917269
97.03125 3.94679055212
97.875 3.92174570502
99.5625 4.15105021549
100.40625 4.22546827974
101.25 4.19628538159
102.09375 4.2473582774
102.9375 4.19247780036
103.78125 4.24627805651
104.625 4.45819178261
105.46875 4.54141822478
106.3125 4.64274759227
107.15625 4.66772074388
108.0 4.73891103384
108.84375 4.91049878605
109.6875 6.62613416292
110.53125 8.25018075608
111.375 5.20324396867
112.21875 4.36028669555
113.0625 4.39287881097
113.90625 4.36381310065
114.75 4.45747465505
115.59375 4.45085660665
116.4375 4.55095681349
117.28125 4.68239263731
118.125 4.35428442434
118.96875 5.09925697475
119.8125 4.1221213516
120.65625 3.86340646497
121.5 4.02151829908
122.34375 4.022855712
123.1875 4.08505785312
124.03125 4.07670811259
124.875 4.1041038916
125.71875 4.07305799903
126.5625 4.05189494308
127.40625 3.95347785471
128.25 2.50699456533
129.09375 4.8592829507
129.9375 5.97726335094
131.625 3.92122239537
132.46875 6.10528504575
133.3125 6.22575028146
134.15625 6.39418513145
135.0 6.38770234391
135.84375 6.27826401261
136.6875 5.11891851423
137.53125 5.74047956434
138.375 4.94764621863
139.21875 5.15560054983
140.0625 5.83528167039
140.90625 5.66345343336
141.75 5.97679575562
142.59375 6.06241236116
143.4375 6.15100138853
144.28125 6.04309235532
145.125 5.52413873987
145.96875 4.49937266708
146.8125 3.40672945007
147.65625 4.4710279955
148.5 3.95727612971
149.34375 3.92841625856
150.1875 3.94694243986
151.03125 4.04214227148
151.875 4.0011952734
152.71875 3.83637532382
153.5625 3.87731151316
154.40625 3.92040747806
155.25 3.97358606621
156.09375 4.02761885858
156.9375 3.95205710083
157.78125 6.17660858253
158.625 6.59730178387
159.46875 6.5779274894
160.3125 6.60068653905
161.15625 6.52186200054
162.0 4.55367178012
162.84375 4.16144793729
163.6875 4.05771196996
164.53125 4.08288775431
165.375 4.69992094963
166.21875 3.7790694434
167.0625 3.69066723391
167.90625 3.39502659188
168.75 4.03571348636
169.59375 3.93024993738
171.28125 4.95679333603
172.125 4.21755571322
172.96875 4.19953422458
173.8125 4.2344083237
174.65625 4.23295797283
175.5 4.22426753325
176.34375 4.18793532105
177.1875 4.18178463637
178.03125 4.15166321904
178.875 4.14084480328
179.71875 4.09992660876
180.5625 3.94013758767
181.40625 3.95292594631
182.25 3.92497068858
183.09375 3.90877023647
183.9375 3.83275130802
184.78125 3.84453862324
185.625 3.39745670667
186.46875 3.52462970985
187.3125 3.5428052224
188.15625 3.55523028157
189.0 3.58893932491
189.84375 3.56298261058
190.6875 3.47273401202
191.53125 3.47836367547
192.375 3.43757457042
193.21875 3.42095682578
194.0625 3.27697769948
194.90625 3.25937694406
195.75 3.26097800147
196.59375 3.26770273324
197.4375 3.23941376085
198.28125 3.23717371337
199.125 3.18670306297
199.96875 3.07414038174
200.8125 2.90274354947
201.65625 2.56275050523
202.5 2.11053956125
203.34375 2.80190202164
204.1875 2.67970589185
205.03125 2.18656192659
205.875 2.15833298885
206.71875 1.8377739542
207.5625 2.67410787291
208.40625 2.86998285442
209.25 2.84364594056
210.09375 2.83218786251
210.9375 2.81750115154
211.78125 2.79036473498
212.625 2.79931924842
213.46875 2.78696130514
214.3125 2.79565089251
215.15625 2.85156355463
216.0 2.84953120608
216.84375 2.83169523249
217.6875 2.79928700809
218.53125 2.74775356515
219.375 2.72427123003
220.21875 2.68285942083
221.0625 2.05347150472
221.90625 2.20023120702
222.75 2.41750378109
223.59375 2.42370156857
224.4375 2.43197375393
225.28125 2.40759206479
226.125 2.03546912014
226.96875 2.18554327223
229.5 1.91329250336
230.34375 2.45289660417
231.1875 2.47018055855
232.03125 2.5300589815
232.875 2.55990290187
233.71875 2.55097073128
234.5625 2.55482677856
235.40625 2.54629570968
236.25 2.54121865636
237.09375 2.52635864428
237.9375 2.56606770807
238.78125 2.52499091985
239.625 2.53357068202
240.46875 2.53430196037
241.3125 2.51218275159
242.15625 2.50215061228
243.0 2.52107217978
243.84375 2.52651626829
244.6875 2.53974582578
245.53125 2.53312464766
248.90625 1.8879250941
249.75 1.91653984178
250.59375 1.90768995358
251.4375 1.90565237297
252.28125 1.89460942824
253.125 1.90481630923
253.96875 1.91415035921
254.8125 1.91857880423
255.65625 1.8827309198
256.5 1.89544019353
257.34375 1.91579986335
258.1875 2.02658786304
259.03125 1.95609429902
259.875 2.13696952131
260.71875 1.75315217322
261.5625 2.24091438168
262.40625 2.22650274634
263.25 2.32238570479
264.09375 2.09223481027
264.9375 2.43294480172
265.78125 2.52840165682
266.625 2.592108863
267.46875 2.60598959473
268.3125 2.63685521996
269.15625 2.64207147827
270.0 2.64105379958
270.84375 2.58237204719
271.6875 2.51695555939
272.53125 2.36960944997
273.375 2.32593492982
274.21875 2.32959357292
275.0625 2.31618225438
275.90625 2.28710841119
276.75 2.26838538439
0.84375 2.91616829583
1.6875 2.93665614628
2.53125 2.92747766728
3.375 2.89548689853
4.21875 2.89941844804
5.0625 2.90181910533
5.90625 2.93611748735
6.75 2.910099659
7.59375 2.93611993927
10.125 2.98508851583
11.8125 3.25225034547
12.65625 3.31590422539
13.5 3.32511816743
14.34375 3.32830791164
15.1875 3.32271063128
16.03125 3.34743698165
16.875 3.34321727564
17.71875 3.35392975578
18.5625 3.09941539926
21.9375 3.78642365682
22.78125 3.82057378246
23.625 3.91224750507
24.46875 3.89911183297
25.3125 3.8375815426
26.15625 3.79031153851
27.0 3.69191940341
27.84375 3.7019189395
28.6875 3.65595423391
29.53125 3.64147589298
30.375 3.67041052644
31.21875 3.68356900049
32.0625 3.698094152
32.90625 3.67495309416
33.75 3.6552566988
34.59375 3.593168549
35.4375 3.00901464158
36.28125 3.53608820881
37.125 3.51957294592
37.96875 3.6282791655
38.8125 3.63520516637
39.65625 3.56862793048
40.5 3.58057515678
41.34375 3.43530685802
42.1875 3.35792110778
43.03125 3.30878785667
43.875 3.3022283801
44.71875 3.21721465695
45.5625 3.00570312079
46.40625 1.61532604694
48.9375 3.19223353793
49.78125 3.20725803057
50.625 2.90354526894
51.46875 3.22896617177
52.3125 3.23332905621
53.15625 3.2505515123
54.0 3.26102850455
54.84375 3.38394342632
55.6875 3.54471373327
56.53125 3.61640148416
57.375 3.65892502366
58.21875 3.31034245354
59.0625 3.10525354973
59.90625 3.66159470138
60.75 3.62130154672
61.59375 3.33277677089
62.4375 3.21162814071
63.28125 3.5369300329
64.125 3.54500930981
64.96875 3.50929961602
65.8125 3.58576552075
66.65625 3.44078780598
67.5 3.71158059447
68.34375 3.76243536485
69.1875 3.59574851647
70.03125 3.7788979147
70.875 3.80426212107
71.71875 3.71562816767
72.5625 3.74242971766
73.40625 3.7237689527
74.25 3.7194660853
75.09375 3.69265359483
75.9375 3.01076901084
76.78125 3.7039503931
77.625 3.90015457507
78.46875 3.98166505209
79.3125 4.01140854332
80.15625 4.03900217238
81.0 4.10035448286
81.84375 4.05564994614
82.6875 3.97959649386
83.53125 4.02671884281
84.375 3.97788369607
85.21875 3.92395666813
86.0625 3.9936418027
86.90625 3.93432292234
87.75 3.98985164907
88.59375 4.02520503419
89.4375 3.87044860297
90.28125 4.01812886882
91.125 3.95486270504
91.96875 4.08411686639
92.8125 4.10557275844
93.65625 4.20650239069
94.5 4.2238603882
95.34375 4.26062059617
96.1875 4.23849013512
97.03125 4.07459210479
97.875 4.02143018381
98.71875 4.04756109023
99.5625 3.98382950355
100.40625 3.95273897822
102.9375 4.19087014863
103.78125 4.20700304082
104.625 4.22070817203
105.46875 4.17920995056
106.3125 4.19718122244
107.15625 4.26443626161
108.0 4.24445256402
108.84375 4.43025174874
109.6875 4.49657945537
110.53125 4.43200637201
111.375 4.45290114342
112.21875 4.58304470116
113.0625 4.64085456151
113.90625 4.65032403328
114.75 4.865439871
115.59375 6.02947636035
116.4375 6.97631370364
117.28125 6.18056319101
118.125 4.82211651748
118.96875 4.34277194657
119.8125 4.3425085466
120.65625 4.32811228651
121.5 4.46117665784
122.34375 4.60507346843
123.1875 4.60445615523
124.03125 4.61627313429
124.875 5.10640967315
125.71875 4.12519853045
126.5625 3.94609742639
127.40625 3.90150742335
128.25 4.01602123081
129.09375 4.04133340648
129.9375 4.05987440172
130.78125 4.1197085587
131.625 4.0963830365
132.46875 4.06896918099
133.3125 4.01752303877
134.15625 4.52366511581
135.0 4.47644986327
135.84375 6.1068805709
136.6875 5.71554413112
138.375 5.86454195744
139.21875 6.20910709772
140.0625 6.45032077777
140.90625 6.42254752365
141.75 6.36436071532
142.59375 6.3508510272
143.4375 5.82474035156
144.28125 6.30621758195
145.125 6.13390439129
145.96875 5.966497586
146.8125 5.84700062047
147.65625 5.7204551171
148.5 6.15048693842
149.34375 6.15671418826
150.1875 6.28409255688
151.03125 5.99105345821
151.875 5.66346841772
152.71875 5.93229617083
153.5625 3.95067482458
154.40625 3.99691120869
155.25 3.93015785411
156.09375 3.9517146328
156.9375 3.95376292119
157.78125 4.03831709865
158.625 4.0446892043
159.46875 3.93845387712
160.3125 3.9238644792
161.15625 3.98406503471
162.0 3.96802285678
162.84375 3.98238442686
163.6875 4.07142372676
164.53125 6.60509981545
165.375 6.63967275681
166.21875 6.59245130209
167.0625 6.61286155768
167.90625 5.95832570701
168.75 4.61206936432
169.59375 4.05155000946
170.4375 4.11252422974
171.28125 4.06024920371
172.125 4.01040540331
172.96875 3.75739280445
173.8125 3.61419817922
174.65625 3.49970992614
175.5 3.2417251269
176.34375 5.07265758609
177.1875 5.13530721086
178.03125 4.2089360599
178.875 4.43826810081
179.71875 4.25492934078
180.5625 4.28247991026
181.40625 4.23268126606
182.25 4.22781532104
183.09375 4.20613090484
183.9375 4.20297502544
184.78125 4.20002203554
185.625 4.19240814675
186.46875 4.16488060732
187.3125 4.00786746822
188.15625 3.94637009914
189.0 3.98813114828
189.84375 3.90772368952
190.6875 3.93779847931
191.53125 3.8384870722
192.375 3.87521869464
193.21875 3.47101377625
194.0625 3.57831365942
194.90625 3.56094041317
195.75 3.61375315675
196.59375 3.60704456798
197.4375 3.57818660809
198.28125 3.55574916097
199.125 3.49863440773
199.96875 3.45703885484
200.8125 3.42214246157
201.65625 3.13186214075
202.5 3.28118804105
203.34375 3.2911176229
204.1875 3.28419213246
205.03125 3.24744119421
205.875 3.24120274854
206.71875 3.19429553011
207.5625 3.05129183195
208.40625 2.91242803146
209.25 2.55675029672
210.09375 2.560889777
210.9375 2.91148948294
211.78125 2.30026129239
212.625 1.96826226695
213.46875 2.09754920415
214.3125 2.7394152538
215.15625 2.99642916907
216.0 3.00527753941
216.84375 2.97676961315
217.6875 2.96423125084
218.53125 2.81598025588
219.375 2.8116998759
220.21875 2.80173035205
221.0625 2.80005890531
221.90625 2.83313178661
222.75 2.86198926382
223.59375 2.85475867211
224.4375 2.84842018449
225.28125 2.79780586122
226.125 2.76658161502
226.96875 2.76493264419
227.8125 2.61571197057
228.65625 1.79781750838
229.5 2.37598780006
230.34375 2.08890232415
231.1875 2.10066300074
232.03125 1.74405613105
232.875 2.15410270452
235.40625 1.55539449056
237.09375 1.84146648407
237.9375 1.61161395907
238.78125 2.53952047503
239.625 2.56113198705
240.46875 2.29461793319
241.3125 2.56268807399
242.15625 2.55576332424
243.0 2.56407494296
243.84375 2.5377393809
244.6875 2.53245694496
245.53125 2.51749106784
246.375 2.5357890548
247.21875 2.54703587688
248.0625 2.523626619
248.90625 2.52716309543
249.75 2.51667530911
250.59375 2.53797083567
251.4375 2.54642753686
252.28125 2.560499328
253.125 2.5375697286
256.5 1.8852433619
257.34375 1.91478713041
258.1875 1.90353769624
259.03125 1.9080888565
259.875 1.91480123874
260.71875 1.91221985245
261.5625 1.9196137965
262.40625 1.9081640132
263.25 1.93525957837
264.09375 1.92209552043
264.9375 2.04846897627
265.78125 2.04842470871
266.625 2.1948775665
267.46875 1.94422612168
268.3125 2.2517979805
269.15625 2.18843285057
270.0 1.90463664154
270.84375 2.41588138701
271.6875 2.49502577893
272.53125 2.53749069914
273.375 2.57837238487
274.21875 2.62456979905
275.0625 2.64578587848
275.90625 2.64581374459
276.75 2.65041504482
277.59375 2.64756140362
278.4375 2.65479889444
279.28125 2.59659873527
280.125 2.52723166463
280.96875 2.37474631125
281.8125 2.32675433756
282.65625 2.34235460761
283.5 2.28638661501
284.34375 2.32517133854
0.84375 2.90801878434
1.6875 2.92930596705
2.53125 2.92695830807
3.375 2.92768041593
4.21875 2.95197451465
5.0625 2.92816573748
5.90625 2.94621885195
6.75 2.95008248646
7.59375 2.94102336228
10.125 3.76313011987
11.8125 2.51389354467
12.65625 3.32941121773
13.5 3.328010901
14.34375 3.34468001229
15.1875 3.35238372383
16.03125 3.35919070899
16.875 3.38467607732
17.71875 3.39856533635
18.5625 3.38141940818
19.40625 3.27562435764
20.25 2.77200914025
21.09375 1.73912835121
21.9375 2.29886120558
22.78125 3.60628248894
23.625 3.86216126679
24.46875 3.93138753122
25.3125 3.90614620391
26.15625 3.91786335035
27.0 3.79394794655
27.84375 3.71467945389
28.6875 3.71620852041
29.53125 3.65227455094
30.375 3.66126400573
31.21875 3.71863538713
32.0625 3.70872595019
32.90625 3.73328303493
33.75 3.7217478654
34.59375 3.656031619
35.4375 3.57244526473
36.28125 3.1001760619
37.125 3.67171229156
37.96875 3.63310259175
38.8125 3.67076468916
39.65625 3.66770537821
40.5 3.62334953398
41.34375 3.56891598302
42.1875 3.47580427896
43.03125 3.38693040652
43.875 3.32424241859
44.71875 3.2629765885
45.5625 3.25175161507
46.40625 2.64343698488
48.9375 3.07226780256
50.625 3.03586176186
51.46875 3.26594587833
52.3125 3.24071183231
53.15625 3.27117623591
54.0 3.26876796489
54.84375 3.28181354708
55.6875 3.46525818779
56.53125 3.51754438818
57.375 3.74036805728
58.21875 3.6463825346
59.0625 3.19232467986
59.90625 3.55353459515
60.75 3.67285143029
61.59375 3.75134580913
62.4375 3.45040012896
63.28125 3.74200100569
64.125 3.7419492447
64.96875 3.66046767271
65.8125 3.71323869788
66.65625 3.73465264988
67.5 3.777284832
68.34375 3.81386956645
69.1875 3.87852073639
70.03125 3.86646758665
70.875 3.83142572623
71.71875 3.8668337825
72.5625 3.90737112376
73.40625 3.83987059453
74.25 3.88420358041
75.09375 3.70733784653
75.9375 3.81546376444
76.78125 3.84642392252
77.625 3.90785706547
78.46875 4.03249500429
79.3125 4.05897959529
80.15625 4.06156755751
81.0 4.08028999013
81.84375 4.00675541965
82.6875 4.01674957958
83.53125 3.93130047763
84.375 3.9374252549
85.21875 3.91579283389
86.0625 3.90839724783
86.90625 3.85703490663
87.75 3.16977332623
88.59375 2.40005040343
89.4375 2.84342889446
90.28125 2.99686000395
91.125 3.30301028869
91.96875 3.9956354092
92.8125 4.13365250147
93.65625 4.22492358409
94.5 4.23879410936
95.34375 4.23283685099
96.1875 4.02625147419
97.03125 3.64942414655
97.875 3.7944517157
98.71875 3.78491073888
99.5625 3.85280091652
100.40625 3.53559239319
102.09375 2.40388604214
102.9375 4.21094077628
103.78125 4.21948132029
104.625 4.22115400588
105.46875 4.20366698994
106.3125 4.21720058664
107.15625 4.27441916672
108.0 4.25092718411
108.84375 4.51122310096
109.6875 4.53314965803
110.53125 4.61077317057
111.375 4.67867858471
112.21875 4.64783267154
113.0625 4.68009182655
113.90625 5.19716964325
114.75 6.00472452807
115.59375 5.63498801715
116.4375 4.78219916722
117.28125 4.35225854909
118.125 4.42746721113
118.96875 4.34350859471
119.8125 4.44794864836
120.65625 4.56069367681
121.5 4.42927483616
122.34375 4.49156822325
123.1875 4.34804089087
124.03125 3.96533403718
124.875 3.39886867167
125.71875 3.86551542521
126.5625 3.97029637124
127.40625 4.03496092479
128.25 4.04481706489
129.09375 4.08061473783
129.9375 3.99163509307
130.78125 3.92545943932
131.625 3.24737110744
132.46875 3.4078135817
133.3125 2.89149691808
134.15625 2.9047064473
135.0 2.85149783349
135.84375 2.70589562168
136.6875 2.8041344743
137.53125 2.95290621887
138.375 5.50686111355
139.21875 6.03656989879
140.0625 5.87530428397
140.90625 3.65269065863
141.75 3.77088677579
142.59375 3.64847819965
143.4375 4.35993500131
144.28125 3.84031762499
145.125 4.14569027241
145.96875 4.23774892943
146.8125 5.35316517098
147.65625 4.30224208196
148.5 6.11000586164
149.34375 4.69145062318
150.1875 3.2501334195
151.03125 3.10794962088
151.875 3.54414756097
152.71875 3.77818277679
153.5625 3.85907346978
154.40625 3.9135607032
155.25 3.81584036866
156.09375 3.61776421235
156.9375 3.57303341903
157.78125 3.50727030856
158.625 3.667753387
159.46875 3.77852107175
160.3125 3.92981338999
161.15625 3.87145047504
162.0 3.62301741782
162.84375 6.26920192368
163.6875 6.63974419959
164.53125 6.61106880684
165.375 6.6792128156
166.21875 6.29339233024
167.0625 4.51763840704
167.90625 4.08808328746
168.75 4.09881086615
169.59375 3.91655347511
170.4375 3.66713339757
171.28125 3.36015859195
172.125 2.95509080536
172.96875 2.94973381827
173.8125 2.32168391347
174.65625 4.01303313841
175.5 2.44841591517
176.34375 3.7483516958
177.1875 4.34697967685
178.03125 4.32893676
178.875 4.35714635187
179.71875 4.30933782457
180.5625 4.27653355236
181.40625 4.17925028835
182.25 4.21639262584
183.09375 4.22386582781
183.9375 4.20656157042
184.78125 4.00342877307
185.625 3.94166644788
186.46875 3.79732533087
187.3125 3.97685407301
188.15625 3.93571537261
189.0 3.94207823331
189.84375 3.86120897427
190.6875 3.71191951865
191.53125 2.91401861938
192.375 3.45725164709
193.21875 3.36408554915
194.0625 3.32299331894
194.90625 3.4160423159
195.75 3.40323736653
196.59375 3.5119116317
197.4375 3.44256291603
198.28125 3.42980516183
199.125 2.78888132731
199.96875 2.82499647141
200.8125 3.29245993106
201.65625 3.3007657189
202.5 3.28951725166
203.34375 3.27026074485
204.1875 3.26741567964
205.03125 3.03880466336
205.875 2.7187307876
206.71875 2.43386540793
207.5625 2.31091533855
208.40625 1.93798406613
209.25 2.18808505103
210.09375 2.10674676953
210.9375 2.25721149217
211.78125 2.28610849196
212.625 2.22798097461
213.46875 2.81627195047
214.3125 2.83658718177
215.15625 2.66394373017
216.0 2.65278806479
216.84375 2.44192212904
217.6875 2.21817458214
218.53125 2.67058502937
219.375 2.74395920241
220.21875 2.80301885638
221.0625 2.87036730745
221.90625 2.8643757625
222.75 2.74702931326
223.59375 2.63621550543
224.4375 2.56797191188
225.28125 2.6152796867
226.125 2.55879409569
226.96875 2.37420792859
227.8125 2.35101634353
228.65625 2.46293229568
229.5 2.47467018065
230.34375 2.47783851921
231.1875 2.47571257628
232.03125 2.42174229956
232.875 2.3549400564
233.71875 2.14502266475
235.40625 1.64009081721
236.25 2.07458245187
237.09375 2.06260685921
237.9375 2.44485379961
238.78125 2.52461941329
239.625 2.51665520727
240.46875 2.55327951308
241.3125 2.53917588174
242.15625 2.53769836582
243.0 2.53921512961
243.84375 2.54185930028
244.6875 2.59867334879
245.53125 2.54791432396
246.375 2.54304082928
247.21875 2.52604059982
248.0625 2.53782123188
248.90625 2.53425664117
249.75 2.55875062014
250.59375 2.54198127475
251.4375 2.57039212707
252.28125 2.46746734766
254.8125 1.29555592272
255.65625 1.9075490823
256.5 1.91810880851
257.34375 1.90888258292
258.1875 1.89344585923
259.03125 1.90816716022
259.875 1.91452644636
260.71875 1.92536631968
261.5625 1.91787546125
262.40625 1.9136269696
263.25 1.92500760561
264.09375 1.89701355346
264.9375 1.82038473626
265.78125 2.21610422561
266.625 2.17803312981
267.46875 2.13247018716
268.3125 2.20381851643
269.15625 2.10853896861
270.0 2.31340384538
270.84375 2.358672222
271.6875 2.53882099881
272.53125 2.60801099867
273.375 2.61127435358
274.21875 2.65894443941
275.0625 2.64989127987
275.90625 2.65468683532
276.75 2.58993448888
277.59375 2.52507113042
278.4375 2.38318805757
279.28125 2.3253133617
280.125 2.33773171054
280.96875 2.28857697714
281.8125 2.31618770793
0.84375 2.91109978683
1.6875 2.92846211507
2.53125 2.93917007078
3.375 2.9457037198
4.21875 2.95323906228
5.0625 2.94045095847
5.90625 2.9356736396
6.75 2.52288198471
10.96875 3.25089529547
11.8125 3.3334395048
12.65625 3.3333368256
13.5 3.34580561276
14.34375 3.34409407522
15.1875 3.36790000686
16.03125 3.37037575825
16.875 3.38570263736
17.71875 3.23684611336
21.09375 3.76111643546
21.9375 3.88306168984
22.78125 3.95156929534
23.625 3.93778102529
24.46875 3.88370049245
25.3125 3.75782524188
26.15625 3.69092153992
27.0 3.69345529729
27.84375 3.64801326116
28.6875 3.69097586407
29.53125 3.69244548035
30.375 3.7291048083
31.21875 3.70671989117
32.0625 3.71085973459
32.90625 3.61637747907
33.75 3.29361437389
34.59375 2.9372614611
35.4375 3.59794180153
36.28125 3.66836375946
37.125 3.65106369846
37.96875 3.64718739563
38.8125 3.59898701974
39.65625 3.52484296868
40.5 3.39675506024
41.34375 3.32553228908
42.1875 3.30991922334
43.03125 3.2663246968
43.875 2.49369668296
48.9375 3.141468817
49.78125 3.27129902841
50.625 3.27332611723
51.46875 3.28023023676
52.3125 3.28483787011
53.15625 3.32919488194
54.0 3.39531020218
54.84375 3.49263824795
55.6875 3.43386670824
56.53125 3.65841641905
57.375 3.25036315385
58.21875 3.20753296189
59.0625 3.65706281033
59.90625 3.60086506992
60.75 3.00230408042
61.59375 3.65365227515
62.4375 3.64155792089
63.28125 3.31831797798
64.125 3.5179907076
64.96875 3.70040355912
65.8125 2.92989790691
66.65625 3.64449020307
67.5 3.68661788853
68.34375 3.84081336616
69.1875 3.83023165021
70.03125 3.82299389709
70.875 3.82274230027
71.71875 3.67857634188
72.5625 3.84140076486
73.40625 3.80821597152
74.25 3.29444732233
76.78125 3.83899785118
77.625 3.95205769899
78.46875 3.98383721855
79.3125 4.01903618978
80.15625 4.0624739588
81.0 4.02226866085
81.84375 4.06370983984
82.6875 3.98682207435
83.53125 3.87761315605
84.375 3.87307255403
85.21875 3.7936823645
86.0625 3.87829346705
86.90625 3.83761425581
87.75 3.79218278677
88.59375 3.81880324456
89.4375 3.76830018755
90.28125 3.49117405021
91.125 2.7220387178
91.96875 2.73085878827
92.8125 2.88908772178
93.65625 3.03740764544
94.5 3.26105858069
95.34375 3.86573825133
96.1875 4.11371547131
97.03125 4.22841450955
97.875 4.22005627019
98.71875 4.23242076874
99.5625 3.71597666417
100.40625 3.01778366951
101.25 3.09594277951
102.09375 3.14767511854
102.9375 3.39281047247
103.78125 2.09230120977
104.625 3.20052969456
105.46875 2.41052403575
106.3125 4.05303321769
107.15625 4.10406879452
108.0 4.24181240011
108.84375 4.17646578854
109.6875 4.09226300162
110.53125 4.24603479249
111.375 4.45795855984
112.21875 4.40985519354
113.0625 4.30872559642
113.90625 4.40174035158
114.75 4.32348350578
115.59375 4.22735459371
116.4375 4.38104474823
117.28125 4.39061751299
118.125 4.3553455163
118.96875 3.8363724233
119.8125 4.17579660938
120.65625 4.24631902938
121.5 4.35067924506
122.34375 4.27273354054
123.1875 3.87788815201
124.03125 3.85944984467
124.875 3.86924281633
125.71875 3.88438517517
126.5625 3.8470900119
127.40625 3.79599155668
128.25 3.82751575159
129.09375 3.0002386699
129.9375 3.31452462307
130.78125 3.06577422998
131.625 3.48019463072
132.46875 3.00063633453
133.3125 2.99775312673
134.15625 2.65300222978
135.0 2.83682436885
135.84375 2.90682591869
136.6875 2.96678645764
137.53125 2.93993635779
138.375 2.93502880094
139.21875 2.91580594678
140.0625 2.90060927177
140.90625 2.8654581177
141.75 2.86866459936
142.59375 2.52097105321
144.28125 3.03765788078
145.125 3.73530496563
145.96875 3.63826433042
146.8125 3.70382176977
147.65625 3.65957331903
151.875 3.48385685529
152.71875 3.37820917416
153.5625 3.52188693221
154.40625 3.57999016761
155.25 3.59413409138
156.09375 3.60979846553
156.9375 3.64737558945
157.78125 3.70438419935
158.625 3.69387998625
159.46875 3.60192083106
160.3125 3.26664054072
161.15625 3.16095918579
162.0 3.17057485287
162.84375 3.29336813706
163.6875 3.72910883633
164.53125 3.81263840388
165.375 3.73325644218
166.21875 3.83622900937
167.0625 3.83106449284
167.90625 3.83564611625
168.75 3.82130500152
169.59375 3.8107213425
170.4375 3.8600354285
171.28125 3.84660930989
172.125 3.8368824757
172.96875 3.55033575031
173.8125 3.26847261503
174.65625 3.13759037783
175.5 3.06557117345
176.34375 2.98510984415
177.1875 3.7406987223
178.03125 3.95378460681
178.875 3.98283575831
179.71875 4.06281167129
180.5625 4.01153950053
181.40625 4.01113981607
182.25 3.92183974307
183.09375 3.82214863334
183.9375 3.83268941168
184.78125 3.81010836356
185.625 3.14078280131
186.46875 1.93687310249
187.3125 2.03811799748
188.15625 2.07383791639
189.0 2.06251981924
189.84375 2.04699362085
190.6875 2.01565216896
191.53125 1.9885910361
192.375 1.46693733335
193.21875 1.77655127128
194.0625 1.87909557186
194.90625 1.86765276045
195.75 1.86483943967
196.59375 1.83099419384
197.4375 1.80371551717
198.28125 1.79956553048
199.125 1.79481074744
199.96875 6.21125942856
200.8125 2.39616442716
201.65625 17.8427379244
202.5 2.83913939644
203.34375 2.19210384819
204.1875 2.64553040868
205.03125 2.85817477166
205.875 2.92815021717
206.71875 2.76170248841
207.5625 3.03398265493
208.40625 2.2767776823
209.25 2.45273700032
210.09375 2.30698775484
210.9375 2.32395480367
211.78125 2.25032710913
212.625 3.07984627284
213.46875 2.4229369554
214.3125 2.79397353328
216.0 2.19018340111
216.84375 2.34276719261
218.53125 2.3720024678
219.375 2.37891130569
223.59375 1.20333635807
225.28125 2.12630790154
226.125 2.17380858521
226.96875 2.45261813989
227.8125 2.48932291997
228.65625 2.4623830376
229.5 2.45056666287
230.34375 2.45117714308
231.1875 1.28789508343
232.03125 2.45533068368
232.875 2.47195189318
233.71875 2.48721937545
234.5625 2.40685294275
235.40625 2.29187631224
236.25 2.26350412411
237.09375 1.16484931178
239.625 2.03433203697
240.46875 2.01359936847
241.3125 2.42314423626
242.15625 2.46889034215
243.0 2.50913574689
243.84375 2.51605882908
244.6875 2.53165928976
245.53125 2.54104971724
246.375 2.57307561557
247.21875 2.56046631968
248.0625 2.54453917838
248.90625 2.50981913952
249.75 2.50355957209
250.59375 2.50548239712
251.4375 2.51061758872
252.28125 2.5133353596
253.125 2.54666343943
253.96875 2.5278598263
254.8125 2.56324764395
255.65625 2.35714431937
258.1875 1.79282332515
259.03125 1.91751144253
259.875 1.92306405039
260.71875 1.9181960033
261.5625 1.90266250272
262.40625 1.91036726615
263.25 1.91156206182
264.09375 1.91654906394
264.9375 1.91997691358
265.78125 1.90814923681
266.625 1.89906603589
267.46875 1.9647535731
268.3125 2.14983549055
269.15625 2.11514664948
270.0 2.22216916503
270.84375 2.24585101035
271.6875 2.19253181712
272.53125 2.28581282684
273.375 2.41433373222
274.21875 2.41920496448
275.0625 2.50627461293
275.90625 2.55270498322
276.75 2.60406570817
277.59375 2.64262082732
278.4375 2.64592167112
279.28125 2.65346635744
280.125 2.59601597188
280.96875 2.52410784196
281.8125 2.40069764477
282.65625 2.35215865189
283.5 2.32368408005
284.34375 2.29737826758
285.1875 2.31223267166
0.84375 2.9203736737
1.6875 2.92993045055
2.53125 2.93130651159
3.375 2.92958930363
4.21875 2.95465269854
5.0625 2.93760136269
5.90625 2.95040864982
9.28125 2.87943269336
10.125 3.29659427654
10.96875 3.34827306331
11.8125 3.33910148904
12.65625 3.34394173182
13.5 3.36767707138
14.34375 3.36407660428
15.1875 3.35152415312
16.03125 3.3833794874
16.875 2.81219274733
19.40625 2.83169875304
20.25 3.8536212811
21.09375 3.8614609306
21.9375 3.95703153736
22.78125 3.91325119945
23.625 3.79796024209
24.46875 3.76663339166
25.3125 3.6969239155
26.15625 3.65422221538
27.0 3.65477683687
27.84375 3.68862912747
28.6875 3.70956678212
29.53125 3.73680487643
30.375 3.69265325656
31.21875 3.71180612007
32.0625 3.52860495966
32.90625 3.34125784113
33.75 3.66376758515
34.59375 3.58514900032
35.4375 3.5801096971
36.28125 3.49363598051
37.125 3.41191718044
37.96875 3.3726752707
38.8125 3.28324412213
39.65625 3.27284972941
40.5 3.08074138702
43.875 2.86575366294
44.71875 3.25321284684
45.5625 3.21316341683
46.40625 3.28382431064
47.25 3.27878221407
48.09375 3.31554596485
48.9375 3.43675191478
49.78125 3.38358474928
50.625 3.42946425402
51.46875 3.48969710671
52.3125 3.60784603164
53.15625 3.52159705287
54.0 3.74270098358
54.84375 2.8616946729
55.6875 3.5377002364
56.53125 3.83908739258
57.375 3.8505933602
58.21875 3.88594637108
59.0625 3.05431944347
59.90625 3.44853965297
60.75 3.7994996078
61.59375 3.21661745199
62.4375 3.01045459861
63.28125 2.95788907178
64.125 3.09309759708
64.96875 3.32272794631
65.8125 3.56518958699
66.65625 3.97893582631
67.5 3.77604212936
68.34375 3.35825477971
69.1875 3.2683652242
72.5625 3.02181386471
73.40625 3.90416752579
74.25 3.91198017275
75.09375 3.91397181846
75.9375 3.8882323968
76.78125 3.76477857879
77.625 3.73788104575
78.46875 3.71855707137
79.3125 3.7363083593
80.15625 3.79477702151
81.0 2.80905721673
81.84375 2.72200872623
82.6875 2.84615873244
83.53125 2.90818638687
84.375 3.10167801601
85.21875 3.5144238211
86.0625 3.92717157259
86.90625 4.18466063271
87.75 4.19546855693
88.59375 4.27627253622
89.4375 4.0776238012
90.28125 3.36371383357
91.125 2.96768264356
91.96875 2.94235662871
92.8125 3.04348487237
93.65625 2.02186934153
95.34375 2.98291810354
96.1875 3.90057453423
97.03125 4.49324921031
97.875 4.4768029841
98.71875 3.91831653311
99.5625 4.45909695432
100.40625 4.37885974378
101.25 3.91388577768
102.09375 3.53239623541
102.9375 3.93739791819
103.78125 4.02116573704
104.625 4.14091885501
105.46875 4.08871959345
106.3125 4.36552388191
107.15625 4.35972904045
108.0 3.12447608534
108.84375 4.00434133967
109.6875 4.40320328965
110.53125 4.4592041822
111.375 4.44422905863
112.21875 4.27801808885
113.0625 3.95101278294
113.90625 3.95403437056
114.75 3.91440939313
115.59375 3.91433810857
116.4375 3.90546952465
117.28125 3.86039139457
118.125 3.60278062674
118.96875 3.31353150047
119.8125 3.78907045742
120.65625 2.93637987741
121.5 3.05367704671
124.03125 2.85461898724
124.875 2.95173717804
125.71875 2.9312537252
126.5625 2.93955640159
127.40625 2.91364556658
128.25 2.90365331106
129.09375 2.91925613597
129.9375 2.87820591265
130.78125 2.91053131239
131.625 2.76858679943
133.3125 3.56656993352
134.15625 3.290022956
135.0 3.75522750792
135.84375 3.70172439002
136.6875 3.66902014974
137.53125 3.31320309749
140.90625 3.09517288208
141.75 3.49653248787
142.59375 3.51927476478
143.4375 3.59486630126
144.28125 3.59764137015
145.125 3.66408093838
145.96875 3.67327780422
146.8125 3.77432332445
147.65625 3.70335940431
148.5 3.54960723801
149.34375 3.48824851481
150.1875 3.16929235874
151.03125 3.19154943142
151.875 3.30163156057
152.71875 3.49989049542
153.5625 3.85699144401
154.40625 3.88462943543
155.25 3.76675687306
156.09375 3.86754590503
156.9375 3.86291506221
157.78125 3.85805556182
158.625 3.82849292498
159.46875 3.9014296447
160.3125 3.91131385439
161.15625 3.87574241691
162.0 3.62217101605
162.84375 3.41253302556
163.6875 3.13435273027
164.53125 3.08542150585
165.375 3.00570689945
166.21875 3.34500186595
167.0625 3.97257147669
167.90625 4.03844241653
168.75 4.07232620724
169.59375 4.07060338387
170.4375 4.06022144745
171.28125 4.01731088464
172.125 3.96191134288
172.96875 3.92477101885
173.8125 3.90095749582
174.65625 3.49091773941
175.5 1.70846118382
176.34375 2.12223619078
177.1875 2.08968708414
178.03125 2.09358513696
178.875 2.0608644603
179.71875 2.03779982969
180.5625 1.99199994077
181.40625 1.15204075972
182.25 1.39225984918
183.09375 1.73454783072
183.9375 1.87441010465
184.78125 1.84331449785
185.625 1.79436916337
186.46875 1.79856882835
187.3125 1.79943712972
188.15625 3.16357538642
189.0 2.22117906925
189.84375 13.167861694
190.6875 2.98647862487
192.375 3.1107280741
193.21875 2.38066021562
194.0625 3.15956792802
194.90625 2.32464081106
195.75 2.57129823764
196.59375 2.15040466521
197.4375 2.2840495568
198.28125 2.30299506003
199.125 2.27183834363
199.96875 2.49601217596
200.8125 3.10031758389
201.65625 3.09894868013
202.5 3.01614972814
203.34375 2.51804724667
205.03125 2.1633822655
205.875 2.35280945095
206.71875 2.37173096728
207.5625 2.36411135875
208.40625 2.3024876089
209.25 2.18803726564
213.46875 2.27144256565
214.3125 2.5364110038
215.15625 2.50756028064
216.0 2.5020242253
216.84375 2.4954529894
217.6875 2.50046819036
218.53125 2.50903745069
219.375 2.18303122197
220.21875 2.3603954101
221.0625 2.47494311516
221.90625 2.49223538904
222.75 2.42640948483
223.59375 1.46593184003
224.4375 1.27791835345
225.28125 1.22122632902
226.125 0.785034254193
227.8125 2.40820658214
228.65625 2.27668373436
229.5 2.24497235374
230.34375 2.49537711024
231.1875 2.50677895811
232.03125 2.52170445187
232.875 2.53338698909
233.71875 2.55526480338
234.5625 2.56421020033
235.40625 2.5683098897
236.25 2.53091650203
237.09375 2.51303724663
237.9375 2.50051973068
238.78125 2.50605492069
239.625 2.51503734509
240.46875 2.52433794864
241.3125 2.55735331351
242.15625 2.53501127234
243.0 2.40004615347
245.53125 1.88183347811
246.375 1.92688088589
247.21875 1.91869205423
248.0625 1.9256545585
248.90625 1.90914947417
249.75 1.91209353905
250.59375 1.92194299627
251.4375 1.93108524634
252.28125 1.92056220152
253.125 1.90317178532
253.96875 1.90931847728
254.8125 1.79801076864
255.65625 2.06993962978
256.5 2.22453890279
257.34375 2.19711754594
258.1875 2.26201725413
259.03125 2.01625043297
259.875 2.16154174529
260.71875 2.0970169376
261.5625 2.44899837851
262.40625 2.52997132755
263.25 2.59587652997
264.09375 2.62237373552
264.9375 2.6430773502
265.78125 2.65960031245
266.625 2.64758160072
267.46875 2.59355058555
268.3125 2.51972165761
269.15625 2.37973579943
270.0 2.34190838031
270.84375 2.3411151314
271.6875 2.29544074081
272.53125 2.2893208769
278.4375 1.29130132993
0.84375 2.82291805005
1.6875 2.83471177266
2.53125 2.82081493451
3.375 2.87737836148
4.21875 2.87503827663
5.0625 2.84329321939
5.90625 2.85529436416
6.75 2.83658295678
7.59375 2.85269729885
8.4375 2.85528196147
9.28125 2.86710157074
10.125 2.89006778946
10.96875 2.89344662409
11.8125 2.91518690717
12.65625 2.20401829806
16.03125 3.24298419498
16.875 3.2562262018
17.71875 3.27264967448
18.5625 3.26916763582
19.40625 3.25839860957
20.25 3.28148814588
21.09375 3.29954077987
21.9375 3.28177249811
22.78125 3.28262810286
23.625 3.2392299552
24.46875 3.40335479685
25.3125 3.48012808853
26.15625 3.47591331505
27.0 3.44731271699
27.84375 3.51337159666
28.6875 3.66715833326
29.53125 3.71242827204
30.375 3.79997952806
31.21875 3.81290875262
32.0625 3.76162510369
32.90625 3.71130818933
33.75 3.65223346627
34.59375 3.5308786906
35.4375 3.55583822961
36.28125 3.60865268767
37.125 3.6247693126
37.96875 3.64227333862
38.8125 3.63692915587
39.65625 3.59785483223
40.5 3.2890376085
42.1875 2.61531544394
43.03125 3.3724011597
43.875 3.51066024389
44.71875 3.53768966483
45.5625 3.48942389148
46.40625 3.45472326516
47.25 3.33238142864
48.09375 3.28121508823
48.9375 3.24320680486
49.78125 3.21150303987
50.625 3.13015373646
53.15625 2.96329416662
54.0 3.18186132996
54.84375 3.19787259287
55.6875 3.21591953369
56.53125 3.26354683873
57.375 3.42745618044
58.21875 3.51349296194
59.0625 3.66523162119
59.90625 3.63223917442
60.75 3.55705846875
61.59375 3.62025664646
62.4375 3.69550439747
63.28125 3.73653031854
64.125 3.73276935073
64.96875 3.74760747411
65.8125 3.74440503233
66.65625 3.64543156749
67.5 3.70518050711
68.34375 3.69449921758
69.1875 3.59354475492
70.03125 3.58330610574
70.875 3.54997966496
71.71875 3.65214897676
72.5625 3.72564701683
73.40625 3.7709611372
74.25 3.79623435941
75.09375 3.6223977107
75.9375 3.6933808787
76.78125 3.34375977725
77.625 3.76277634074
78.46875 3.78057752081
79.3125 3.86537743641
80.15625 3.90559441168
81.0 3.91037564702
81.84375 3.89757579349
82.6875 3.82438054667
83.53125 3.79231330713
84.375 3.7659445081
85.21875 3.70654061947
86.0625 3.67734237541
86.90625 3.66321936883
87.75 3.5365760143
88.59375 3.30090166562
89.4375 2.79046722136
90.28125 2.85867640389
91.125 2.9770204273
91.96875 3.10879529409
92.8125 3.77882356755
93.65625 3.93659728562
94.5 3.95583857966
95.34375 4.02912841449
96.1875 4.01430363125
97.03125 3.84434939621
97.875 2.98724374904
98.71875 3.10235888712
99.5625 3.19268092246
100.40625 3.26190089739
102.9375 3.05988199578
103.78125 4.07997993228
104.625 4.13426962743
105.46875 4.14491113632
106.3125 4.13449714715
107.15625 4.08533762707
108.0 4.22063108531
108.84375 4.3418252328
109.6875 4.20805346665
110.53125 4.33605958728
111.375 4.43436825783
112.21875 4.43574165737
113.0625 4.23636313773
113.90625 4.18637926633
114.75 4.22223084492
115.59375 4.24471927112
116.4375 4.2360649938
117.28125 4.09861393798
118.125 3.86901063186
118.96875 3.7997428769
119.8125 3.76819587451
120.65625 3.76879773755
121.5 3.72955068556
122.34375 3.73244032019
123.1875 3.70649445444
124.03125 3.66511384712
124.875 3.7477750473
125.71875 3.6978660218
126.5625 3.67980806552
127.40625 3.1943644744
128.25 2.87663238368
129.09375 2.89761762934
129.9375 2.85960173307
130.78125 2.86862034854
131.625 2.88826029059
132.46875 2.86263996625
133.3125 2.87826316113
134.15625 2.8476862633
135.0 2.81777438842
135.84375 2.82802195761
136.6875 2.75891668586
137.53125 1.73857972357
138.375 3.15615850615
139.21875 3.63261963052
140.0625 3.65459409929
140.90625 3.64904742683
141.75 3.51336141094
142.59375 3.48704477217
145.96875 2.98067492336
146.8125 3.41664835168
147.65625 3.49620853962
148.5 3.49445206217
149.34375 3.54191401833
150.1875 3.57292663586
151.03125 3.60231830363
151.875 3.68660520731
152.71875 3.70649122513
153.5625 3.61489620734
154.40625 3.33214133453
155.25 3.0728968405
156.09375 3.09041842977
156.9375 3.2731297883
157.78125 3.48017591997
158.625 3.75738184638
159.46875 3.74830889897
160.3125 3.76824501427
161.15625 3.75480756455
162.0 3.75007079627
162.84375 3.74491886702
163.6875 3.78152719617
164.53125 3.82895388373
165.375 3.83913067122
166.21875 3.88085003005
167.0625 3.74779966456
167.90625 3.33645088143
168.75 3.03678520394
169.59375 3.02065834233
170.4375 2.99182690641
171.28125 3.24249904229
172.125 3.83350730131
172.96875 3.91660779072
173.8125 3.95123534988
174.65625 3.94733757825
175.5 3.87323032346
176.34375 3.88840033474
177.1875 3.80464074066
178.03125 3.90808867728
178.875 3.89563962841
179.71875 3.67067860827
180.5625 3.65370976137
181.40625 2.97430668489
182.25 2.73848659906
183.09375 2.57522763064
183.9375 2.05600357885
184.78125 2.0070226917
185.625 1.97337499952
186.46875 1.78314401867
187.3125 1.81599161151
188.15625 1.85066590736
189.0 1.84394561812
189.84375 1.86320243141
190.6875 1.85446098724
191.53125 1.9376592072
192.375 1.95038290697
193.21875 1.81843340654
194.0625 1.75476006671
194.90625 1.71647105444
195.75 2.28395389784
196.59375 7.88525274793
197.4375 2.80743350296
198.28125 3.06023713338
199.125 3.18459498364
199.96875 3.13544618472
200.8125 3.17290444014
201.65625 3.19539243422
202.5 2.8709650501
203.34375 2.48649554609
204.1875 2.26894269992
205.03125 2.26831284786
205.875 2.31806876496
206.71875 2.22746351869
207.5625 2.79800586439
208.40625 2.36829963025
209.25 1.99665493458
210.09375 2.19343042994
210.9375 2.31322852592
211.78125 2.34499353218
212.625 2.33687721194
213.46875 2.34549763186
214.3125 2.33362017136
215.15625 2.30949103831
216.84375 2.01579809189
219.375 1.87422291438
220.21875 2.21822256728
221.0625 2.34744605868
221.90625 2.3592412175
222.75 2.39464547515
223.59375 2.44730990128
224.4375 2.44786585145
225.28125 2.46487026589
226.125 2.45003585498
226.96875 2.44966136267
227.8125 2.43535053662
228.65625 2.40040893683
229.5 2.24728688867
230.34375 2.07147633702
231.1875 1.02956955263
232.03125 0.730547090371
232.875 0.844334681829
234.5625 2.33951696887
235.40625 2.38560261915
236.25 2.37282549783
237.09375 2.36485797996
237.9375 2.40339930854
238.78125 2.42997671903
239.625 2.46861310173
240.46875 2.48605017261
241.3125 2.50204180503
242.15625 2.51664416741
243.0 2.51746343126
243.84375 2.49563248719
244.6875 2.49114656084
245.53125 2.46975067945
246.375 2.46556673894
247.21875 2.46877680348
248.0625 2.46270085511
248.90625 2.50875518152
249.75 2.47845940463
250.59375 2.49242946358
251.4375 2.4730632988
253.125 2.87816252027
254.8125 1.86731326128
255.65625 1.89538327623
256.5 1.88472863801
257.34375 1.89025769472
258.1875 1.88602633339
259.03125 1.88694624889
259.875 1.89763659836
260.71875 1.89474580228
261.5625 1.88075469046
262.40625 1.88656724717
263.25 1.88111035957
264.09375 1.91539928364
264.9375 2.11260317878
265.78125 1.85997241554
266.625 2.14972516504
267.46875 2.12993255768
268.3125 2.22308685166
269.15625 2.31677610373
270.0 2.36963625158
270.84375 2.4147028444
271.6875 2.4662764094
272.53125 2.54513141738
273.375 2.56005217763
274.21875 2.60224324985
275.0625 2.59262008619
275.90625 2.57271543526
276.75 2.52980353694
277.59375 2.3959378607
278.4375 2.32054709926
279.28125 2.30516892217
280.125 2.28232520631
280.96875 2.26083017214
281.8125 2.11773821341
0.84375 2.9132028421
1.6875 2.92589978074
2.53125 2.92704843758
3.375 2.98171266123
4.21875 2.97249653641
5.0625 2.96338560505
8.4375 3.40219287439
9.28125 3.35847935914
10.125 3.3808406203
10.96875 3.38245949258
11.8125 3.4087783222
12.65625 3.40089118852
13.5 3.43377481362
14.34375 3.4279572066
15.1875 3.47145841597
16.03125 2.81940211194
19.40625 3.88529416582
20.25 3.92617913347
21.09375 4.00681557619
21.9375 4.00243592284
22.78125 3.93482568142
23.625 3.91444807745
24.46875 3.75554389054
25.3125 3.83191584206
26.15625 3.71617696453
27.0 3.76108705901
27.84375 3.75859674922
28.6875 3.78689459813
29.53125 3.74829751877
30.375 3.76376747242
31.21875 3.70003988752
32.0625 2.58785406854
32.90625 3.51536061556
33.75 3.65226507862
34.59375 3.69112796746
35.4375 3.69004104998
36.28125 3.66195563369
37.125 3.5894268075
37.96875 3.45568772741
38.8125 3.36930800815
39.65625 3.3716596018
40.5 3.31507269902
41.34375 3.12256881282
42.1875 3.19973045847
46.40625 3.25137896538
47.25 3.26579353135
48.09375 3.30825413639
48.9375 3.31600161361
49.78125 3.30921388457
50.625 3.38879490521
51.46875 3.51702612008
52.3125 3.57893616188
53.15625 3.80728988799
54.0 3.79133520145
54.84375 3.72724863432
55.6875 3.58197421583
56.53125 3.6339122319
57.375 3.80414001694
58.21875 3.83575191705
59.0625 3.82544359003
59.90625 3.87048002912
60.75 3.57444601782
61.59375 3.80102578823
62.4375 3.54550246835
63.28125 3.75833686661
64.125 3.83772208961
64.96875 3.91918396559
65.8125 3.8705687659
66.65625 3.9112078606
67.5 3.68757986921
68.34375 3.89721299914
69.1875 3.97007857478
70.03125 3.90343300908
70.875 3.43041091336
72.5625 3.66282048628
73.40625 3.82025476059
74.25 4.00950220528
75.09375 4.08336134244
75.9375 4.10410620063
76.78125 4.08855742193
77.625 4.03149010598
78.46875 3.96840065652
79.3125 3.95123831671
80.15625 3.96576454723
81.0 3.96096152572
81.84375 3.93830158291
82.6875 3.9571306944
83.53125 3.21150879685
84.375 2.72123349125
85.21875 2.80213729683
86.0625 2.8831566509
86.90625 3.21545321412
87.75 3.90638633
88.59375 4.14448688671
89.4375 4.26000251717
90.28125 4.29502873483
91.125 4.34043708732
91.96875 4.23493865018
92.8125 3.62458415526
93.65625 3.49861334105
94.5 3.51778911513
95.34375 3.65563126966
96.1875 4.03226027385
97.03125 3.65153715346
98.71875 4.10697480119
99.5625 4.02971273254
100.40625 4.2959033472
101.25 4.30639230191
102.09375 4.26574815355
102.9375 4.2981580729
103.78125 4.30724945089
104.625 4.52632096738
105.46875 4.58488164744
106.3125 4.64739887426
107.15625 4.64457077971
108.0 4.75730941487
108.84375 4.72492899448
109.6875 5.43080728387
110.53125 4.39253351486
111.375 4.4704820812
112.21875 4.34770611911
113.0625 4.41207754162
113.90625 4.44078374964
114.75 4.38659041567
115.59375 4.30805765479
116.4375 4.34188333093
117.28125 4.06429067039
118.125 3.98881536853
118.96875 3.85067696503
119.8125 3.91330163403
120.65625 3.65422494454
121.5 3.91563932437
122.34375 4.02939269337
123.1875 4.06789939531
124.03125 4.02155477316
124.875 4.16126416768
125.71875 3.8953828645
126.5625 3.8329741753
127.40625 2.97710890717
128.25 3.4465352169
129.09375 2.8199470393
129.9375 2.9790375391
130.78125 2.9294704157
131.625 2.89751872675
132.46875 2.84697746474
133.3125 2.86201446489
134.15625 3.14595640488
135.84375 3.53874920096
136.6875 3.80178024402
137.53125 3.82035847015
138.375 3.82423635121
139.21875 3.69461942803
140.0625 3.76437854505
145.125 3.57884482861
145.96875 3.5335464175
146.8125 3.5667157449
147.65625 3.6650850448
148.5 3.74127229867
149.34375 3.8401933191
150.1875 3.90086139672
151.03125 3.74915076462
151.875 3.28878524574
152.71875 3.28858418727
153.5625 3.40368119684
154.40625 3.67254630007
155.25 3.81188023923
156.09375 4.05891435703
156.9375 4.04331014402
157.78125 5.31898973823
158.625 6.09120099049
159.46875 6.74768313541
160.3125 6.56379523831
161.15625 6.22018226625
162.0 5.4018430548
162.84375 4.20458290201
163.6875 4.11674001582
164.53125 4.0113052757
165.375 3.78392369309
166.21875 3.2266158179
167.0625 3.11132511861
167.90625 3.01707561238
168.75 3.17226052984
169.59375 3.46534548709
170.4375 4.1071054524
171.28125 3.62600049912
172.125 3.61834766847
172.96875 4.28566307578
173.8125 4.27350274897
174.65625 4.33544153591
175.5 4.32040666309
176.34375 4.30064152016
177.1875 4.25806658582
178.03125 4.23278017966
178.875 4.18282151292
179.71875 3.87814454113
180.5625 3.60712116611
181.40625 3.2594802763
182.25 2.97816230276
183.09375 3.50137402175
183.9375 4.00454595038
184.78125 3.78480331302
185.625 3.02142479145
186.46875 2.02131653733
187.3125 2.36166209848
188.15625 2.81683538011
189.0 3.04626429997
189.84375 2.8487337923
190.6875 3.12729921017
191.53125 3.34128474984
192.375 3.38958346156
193.21875 3.17438492075
194.0625 2.58360483117
195.75 2.62827804758
196.59375 3.33478366219
197.4375 3.31810831711
198.28125 3.32933743984
199.125 3.31637105091
199.96875 3.17341633394
200.8125 2.97880736646
201.65625 2.38054954349
202.5 2.45808017862
203.34375 2.33012703536
204.1875 1.9915757358
205.03125 1.66140402158
205.875 2.18521684163
206.71875 2.25309028076
207.5625 2.14561830802
208.40625 2.36753839777
209.25 2.52099508028
210.09375 2.76755105675
210.9375 2.56350813005
211.78125 2.70460389134
212.625 2.38417057393
215.15625 2.1422201395
216.0 2.10722298282
216.84375 2.87663635314
217.6875 2.80322377116
218.53125 2.59927318812
219.375 2.58536759651
220.21875 2.50961101834
221.0625 2.53729088091
221.90625 2.51286374537
222.75 2.43397082226
223.59375 2.4889800739
224.4375 2.49518126227
225.28125 2.50764951431
226.125 2.50368400125
226.96875 2.50303512248
227.8125 2.47730958019
230.34375 2.23940049173
231.1875 2.26652973016
232.03125 2.42083892035
232.875 2.07820102719
233.71875 2.42109527315
234.5625 2.5049379526
235.40625 2.55157129293
236.25 2.54767784987
237.09375 2.57910272381
237.9375 2.58936967686
238.78125 2.59676091819
239.625 2.59300978722
240.46875 2.56423495267
241.3125 2.55568257559
242.15625 2.54895068895
243.0 2.56674165107
243.84375 2.56400840039
244.6875 2.58558789287
245.53125 2.58043136991
246.375 2.59192894984
247.21875 2.54888420393
250.59375 1.90983647636
251.4375 1.93403624811
252.28125 1.94049734054
253.125 1.91900093276
253.96875 1.91917552992
254.8125 1.9261538787
255.65625 1.937123001
256.5 1.92647036469
257.34375 1.92093015355
258.1875 1.92701684953
259.03125 1.91084976441
259.875 2.08896634092
260.71875 2.18036156531
261.5625 2.20748180787
262.40625 2.22225514381
263.25 2.21171874562
264.09375 2.3140654444
264.9375 2.39248504727
265.78125 2.33218115423
266.625 2.532862028
267.46875 2.5765044435
268.3125 2.61870914848
269.15625 2.66697092211
270.0 2.6813333138
270.84375 2.67046295294
271.6875 2.62334411634
272.53125 2.54821134681
273.375 2.43845332837
274.21875 2.37851957894
275.0625 2.36060943442
275.90625 2.29433553683
276.75 2.33338074145
277.59375 2.24282444805
0.84375 3.01281390906
1.6875 3.01548077649
2.53125 3.00505948364
3.375 3.01618196489
4.21875 3.00777185182
5.0625 3.01725418509
5.90625 3.00884467706
6.75 3.0234242007
7.59375 3.04274117975
8.4375 3.04003547477
9.28125 3.02249196637
10.125 2.98831359704
12.65625 2.78280341625
13.5 3.36231283695
14.34375 3.43652192542
15.1875 3.4938065226
16.03125 3.47534213019
16.875 3.46296029092
17.71875 3.49064011323
18.5625 3.49727146632
19.40625 3.47688228482
20.25 3.4798284957
21.09375 3.39331185144
21.9375 3.35347625243
22.78125 3.61903342187
23.625 3.63843654795
24.46875 3.95576914468
25.3125 4.00022093466
26.15625 4.12823418061
27.0 4.08205666445
27.84375 4.02817658921
28.6875 3.93519553156
29.53125 3.92194096478
30.375 3.78149495445
31.21875 3.80263389366
32.0625 3.8513068267
32.90625 3.855813589
33.75 3.88996254325
34.59375 3.86176154733
35.4375 3.88701123186
36.28125 3.81644193649
37.96875 3.33500107915
38.8125 3.47939449377
39.65625 3.70248379651
40.5 3.79535594027
41.34375 3.71184453174
42.1875 3.69265599589
43.03125 3.57590699832
43.875 3.49441767009
44.71875 3.46498846756
45.5625 3.43010390922
46.40625 3.31021319671
47.25 3.27881695747
52.3125 3.02690026107
53.15625 3.39448349258
54.0 3.4126378787
54.84375 3.40220433726
55.6875 3.41432419502
56.53125 3.49060801057
57.375 3.53157170272
58.21875 3.70509079839
59.0625 3.86599269663
59.90625 3.43115092585
60.75 3.47885454001
61.59375 3.76760178864
62.4375 3.88538569251
63.28125 4.00124597997
64.125 4.01801197907
64.96875 4.0508094489
65.8125 4.00832114476
66.65625 2.62005893389
67.5 3.66793137781
68.34375 3.98348909012
69.1875 3.76357439784
70.03125 3.2972771797
70.875 3.57594291333
71.71875 3.32253688413
72.5625 3.32366728919
73.40625 3.72326205379
74.25 3.79734621919
75.09375 3.67144175362
75.9375 3.69412115596
76.78125 3.17857772708
77.625 2.68085066477
79.3125 3.00008198897
80.15625 3.94653395903
81.0 4.05226698631
81.84375 4.23318933898
82.6875 4.1295922221
83.53125 4.22527664746
84.375 4.08082776677
85.21875 4.06084697768
86.0625 3.99658139631
86.90625 3.9493799148
87.75 3.97722184509
88.59375 4.00760195628
89.4375 3.72825999553
90.28125 2.81386382972
91.125 2.89573346184
91.96875 2.97673505229
92.8125 3.11137454141
93.65625 3.79541723407
94.5 4.170818781
95.34375 4.42121918853
96.1875 4.39839730699
97.03125 4.45705557004
97.875 4.42434433039
98.71875 3.74871209434
99.5625 3.12494370214
100.40625 3.14672295004
101.25 3.14339157749
102.09375 3.49764421554
104.625 3.86398415445
105.46875 4.41487882174
106.3125 4.44503494211
107.15625 4.46817377984
108.0 4.4370035064
108.84375 4.43882096863
109.6875 4.63010179859
110.53125 4.54990080546
111.375 4.47900244821
112.21875 4.15962985742
113.0625 3.74149550599
113.90625 3.93394553933
114.75 4.06284562421
115.59375 4.10055023653
116.4375 4.14817429891
117.28125 4.40244478079
118.125 4.5044162933
118.96875 4.48027684995
119.8125 4.19916642805
120.65625 3.95503696468
121.5 4.44258842479
122.34375 4.49580083494
123.1875 4.35326263809
124.03125 3.92255933172
124.875 4.04029800683
125.71875 4.05515467696
126.5625 4.09069422315
127.40625 4.07842258884
128.25 4.05778273795
129.09375 3.86777648985
129.9375 3.7600803384
130.78125 3.92370729482
131.625 3.89857390159
132.46875 3.92133720475
133.3125 1.53222250938
134.15625 3.07849086372
135.0 2.32098197764
135.84375 2.98412235911
136.6875 3.00534085829
137.53125 3.01640777427
138.375 3.02196026831
139.21875 3.01190060439
140.0625 2.99833420248
140.90625 2.98240470679
141.75 2.96316729123
142.59375 2.91045096668
143.4375 2.72431476159
145.125 3.09746426628
145.96875 3.93444603331
146.8125 3.8648281696
147.65625 3.89002918475
148.5 3.54283155557
152.71875 3.19166671069
153.5625 3.64348902302
154.40625 3.73228163695
155.25 3.72476092321
156.09375 3.79238866303
156.9375 3.79564333643
157.78125 3.81255363151
158.625 3.86997787034
159.46875 3.87323139334
160.3125 3.46881474781
161.15625 3.37490853031
162.0 3.28874963798
162.84375 3.43900519359
163.6875 3.53655430173
164.53125 3.9772149665
165.375 4.01558867254
166.21875 3.97616994936
167.0625 4.04141596102
167.90625 4.0188109591
168.75 4.03860665113
169.59375 4.01553028572
170.4375 4.02582574271
171.28125 4.02514861521
172.125 4.12193723293
172.96875 4.05951239138
173.8125 3.68224218338
174.65625 3.46755621773
175.5 3.21818331134
176.34375 3.10135721651
177.1875 3.15214519424
178.03125 3.80983362957
178.875 4.13602037504
179.71875 4.20016150428
180.5625 4.27405395291
181.40625 4.29666973417
182.25 4.1233002438
183.09375 4.02682397833
183.9375 4.01063919275
184.78125 4.00460509526
185.625 3.9986491961
186.46875 3.70891908736
187.3125 2.14142022787
188.15625 2.09247245005
189.0 2.14871558789
189.84375 2.10371853938
190.6875 2.09011392469
191.53125 2.06497332122
192.375 2.0117617821
193.21875 1.92434232107
194.0625 1.56377484302
194.90625 1.89538637246
195.75 1.89971397336
196.59375 1.88331515723
197.4375 1.86441356546
198.28125 1.83879530015
199.125 1.78390799848
199.96875 1.82935758308
200.8125 2.88340075552
201.65625 3.07708022756
202.5 3.03577324708
203.34375 3.02287461068
204.1875 2.09329439004
206.71875 3.30660629536
208.40625 1.7207867682
209.25 1.96569382733
210.09375 2.31770726097
210.9375 2.52619870663
211.78125 2.28936387353
212.625 2.69837955649
213.46875 3.2295352877
214.3125 3.19541510592
215.15625 2.64582970142
216.84375 2.34428742528
217.6875 2.41530857082
218.53125 2.44661788475
219.375 2.42293613922
220.21875 2.39589437215
221.0625 2.27954094041
221.90625 2.12223187533
222.75 2.35888573638
223.59375 2.01300022682
224.4375 1.94475152833
225.28125 2.41539427615
226.125 2.10406375227
226.96875 2.57469746589
227.8125 2.54233133364
228.65625 2.57642147039
229.5 2.52460187891
230.34375 2.57554999224
231.1875 2.39678911848
232.03125 2.53456807128
232.875 2.55334011104
233.71875 2.55417936155
234.5625 2.34987774612
235.40625 2.4517022509
236.25 1.94533501266
237.09375 2.02490641286
237.9375 1.18431581491
238.78125 2.36704965923
239.625 2.40067334456
240.46875 2.45934240244
241.3125 2.06313220875
242.15625 2.48381984609
243.0 2.56158744278
243.84375 2.56616435606
244.6875 2.59996674449
245.53125 2.61789623664
246.375 2.60682077415
247.21875 2.65183614306
248.0625 2.62651605251
248.90625 2.5829041483
249.75 2.56929078267
250.59375 2.58050001394
251.4375 2.56650458807
252.28125 2.56579912553
253.125 2.58382604699
253.96875 2.58726748861
254.8125 2.60613695183
255.65625 2.60838019411
256.5 2.61959863597
257.34375 2.56983807705
260.71875 1.91039409117
261.5625 1.97236741062
262.40625 1.95351049116
263.25 1.9485059199
264.09375 1.94235744248
264.9375 1.95332152238
265.78125 1.95434146441
266.625 1.9522480284
267.46875 1.93955750662
268.3125 1.92655014476
269.15625 1.91241413128
270.0 2.11553534185
270.84375 2.19437353785
271.6875 2.10360953702
272.53125 2.19134898868
273.375 1.9662803396
274.21875 2.4025862101
275.0625 2.47775397727
275.90625 2.23200347172
276.75 2.51514494584
277.59375 2.58274204602
278.4375 2.65117880604
279.28125 2.67776601861
280.125 2.70513779041
280.96875 2.7073538842
281.8125 2.69619710159
282.65625 2.6363618662
283.5 2.51801676882
284.34375 2.41485771494
285.1875 2.38342297853
286.03125 2.3518403324
0.84375 2.8820496323
1.6875 2.9267342392
2.53125 2.90885846342
3.375 2.90673644731
4.21875 2.89385673265
5.0625 2.91574981919
5.90625 2.93264745703
6.75 2.01611234347
10.125 3.33230740574
10.96875 3.3161483612
11.8125 3.30944735585
12.65625 3.30483350657
13.5 3.2949300625
14.34375 3.3249568294
15.1875 3.33352256073
16.03125 3.33765617023
16.875 3.31118577624
17.71875 3.30272277337
18.5625 3.05955848334
19.40625 2.58918243249
20.25 2.3280686492
21.09375 3.29030578742
21.9375 3.8434407885
22.78125 3.80289005709
23.625 3.89840855905
24.46875 3.8257245697
25.3125 3.76869944712
26.15625 3.68710998043
27.0 3.65462262033
27.84375 3.58123334227
28.6875 3.61722094345
29.53125 3.65807979851
30.375 3.6430766787
31.21875 3.68702027098
32.0625 3.62196638483
32.90625 3.64567420891
33.75 3.54562871374
35.4375 2.90484450098
36.28125 3.51432739683
37.125 3.5833232115
37.96875 3.6026746042
38.8125 3.55377104834
39.65625 3.55424380846
40.5 3.41880922559
41.34375 3.32026216387
42.1875 3.3078712474
43.03125 3.25114357159
43.875 3.25426485771
44.71875 1.86469578743
48.09375 3.2452809994
48.9375 3.21820313004
49.78125 3.24929703302
50.625 3.25234372122
51.46875 3.35558026579
52.3125 3.46685335826
53.15625 3.4353399743
54.0 2.75018016302
54.84375 3.53668136512
55.6875 3.61872993525
56.53125 3.58091628525
57.375 3.70252202905
58.21875 3.67890657697
59.0625 3.23111687937
59.90625 3.54621863162
60.75 3.52940504742
61.59375 3.73307635473
62.4375 3.59185290077
63.28125 3.50894788673
64.125 3.56987101153
64.96875 3.73400249174
65.8125 3.77161099573
66.65625 3.78780737359
67.5 3.76817664793
68.34375 3.74053739054
69.1875 3.37265644028
70.03125 3.78241573776
70.875 3.65617690821
71.71875 3.01005943775
74.25 3.7408161487
75.09375 3.83911733436
75.9375 3.92191128771
76.78125 3.9755118471
77.625 3.98459497015
78.46875 3.98490643066
79.3125 3.92576917834
80.15625 3.91695123049
81.0 3.86610792609
81.84375 3.85179062033
82.6875 3.87856923803
83.53125 3.87446731084
84.375 3.85249764658
85.21875 3.49191615434
86.0625 2.73872571944
86.90625 2.75498968951
87.75 2.72692645374
88.59375 3.12312990956
89.4375 3.92467134285
90.28125 4.02167911703
91.125 4.08230448101
91.96875 4.09813703439
92.8125 4.15912329092
93.65625 4.14743515363
94.5 3.89222924647
95.34375 3.70108653146
96.1875 3.87724247325
97.03125 3.79549976287
97.875 3.85183252254
99.5625 3.71057608379
100.40625 4.15119824735
101.25 4.06238871134
102.09375 4.07841799285
102.9375 4.08617142624
103.78125 4.07825268123
104.625 4.15097497781
105.46875 4.40924133642
106.3125 4.50592807429
107.15625 4.56103582441
108.0 4.6144035294
108.84375 4.57552814716
109.6875 5.6532598484
110.53125 7.90927773244
111.375 8.50159494995
112.21875 8.2750711648
113.0625 5.13722809863
113.90625 4.69598030137
114.75 4.26809844691
115.59375 4.31730312359
116.4375 4.32615824751
117.28125 4.3299770568
118.125 6.96247655982
118.96875 7.90067408537
119.8125 8.87335711341
120.65625 8.57541943829
121.5 7.39739709132
122.34375 4.98779777765
123.1875 4.14225206301
124.03125 3.98124965547
124.875 3.98244142795
125.71875 3.97677181991
126.5625 3.77867839507
127.40625 3.7623518308
128.25 3.70247308856
129.09375 2.91022383996
129.9375 2.25714786351
130.78125 4.39138664621
131.625 2.17645236651
132.46875 2.7131561709
133.3125 2.73682593264
134.15625 5.09156014902
135.0 5.99814347493
135.84375 6.05621681067
136.6875 4.54429907103
137.53125 4.27447849129
138.375 4.55220891043
139.21875 4.40563197058
140.0625 5.40421929711
140.90625 4.68064579641
141.75 5.48736380664
142.59375 5.6670298729
143.4375 5.7268924624
144.28125 5.83066725657
145.125 5.49206474838
145.96875 4.83434662714
146.8125 2.3154535585
147.65625 5.42274677172
148.5 3.62530761364
149.34375 3.65426562807
150.1875 3.77159651612
151.03125 3.72329023508
151.875 3.78406822519
152.71875 3.71195125725
153.5625 3.68934686907
154.40625 3.68130287385
155.25 3.83304260944
156.09375 3.927573515
156.9375 3.87567260072
157.78125 3.69877133525
158.625 9.64543145278
160.3125 9.62105882168
162.0 7.80003846007
162.84375 8.50442561262
163.6875 5.53890668855
164.53125 4.58459581733
165.375 3.96586254399
166.21875 3.92546598798
167.0625 3.53727035355
167.90625 3.28234708607
168.75 5.60834626698
169.59375 9.81862707327
170.4375 9.87776029634
171.28125 10.0280120896
172.125 9.61793146817
172.96875 8.8264073458
173.8125 4.84051373139
174.65625 4.14691590312
175.5 4.18362066794
176.34375 4.11478726855
177.1875 4.13945358826
178.03125 4.07903945066
178.875 4.0859508603
179.71875 4.05552696383
180.5625 4.02719027393
181.40625 3.96866071615
182.25 3.86726214492
183.09375 3.88028798718
183.9375 3.86053725417
184.78125 3.80293545673
185.625 3.75784300386
186.46875 3.75417056527
187.3125 3.44728917128
188.15625 3.47842987464
189.0 3.48824622063
189.84375 3.50797556212
190.6875 3.52825600752
191.53125 3.48176649614
192.375 3.43384749686
193.21875 3.41332058832
194.0625 3.34585277234
194.90625 3.40651589014
195.75 3.03354954466
196.59375 3.22723248786
197.4375 3.20778331524
198.28125 3.22523272061
199.125 3.20640873974
199.96875 3.18720256536
200.8125 3.08483256956
201.65625 2.98880976512
202.5 2.59923865608
203.34375 2.54975905121
204.1875 2.14565147203
205.875 2.1415676786
206.71875 2.21876998313
207.5625 2.23801704828
208.40625 1.82189567861
209.25 2.68931941439
210.09375 2.79628952582
210.9375 2.74077739862
211.78125 2.72702555847
212.625 2.74342528294
213.46875 2.75505820077
214.3125 2.75289836571
215.15625 2.75145742978
216.0 2.75899736506
216.84375 2.81794370493
217.6875 2.82901258109
218.53125 2.80522301309
219.375 2.74982660491
220.21875 2.71470016103
221.0625 2.67400070956
221.90625 2.69009934931
222.75 2.44454591948
223.59375 1.97760214329
224.4375 2.41428530944
225.28125 2.39781595046
226.125 2.35478286497
226.96875 2.3982752289
227.8125 1.68140984575
228.65625 1.62853801137
231.1875 1.47886651754
232.875 2.23842713978
233.71875 1.91720633745
234.5625 2.43339916449
235.40625 2.44836720697
236.25 2.52174612975
237.09375 2.50073945353
237.9375 2.50755585956
238.78125 2.49517914447
239.625 2.48887286315
240.46875 2.51538099596
241.3125 2.51262331463
242.15625 2.50567578729
243.0 2.49786134541
243.84375 2.4900195947
244.6875 2.49919560437
245.53125 2.51351842517
246.375 2.50997655545
247.21875 2.52386490625
250.59375 1.80355830556
251.4375 1.91215834395
252.28125 1.90558399937
253.125 1.89636098788
253.96875 1.88133142113
254.8125 1.89129142249
255.65625 1.90331169691
256.5 1.89943193259
257.34375 1.88902955523
258.1875 1.90407654546
259.03125 1.89639935193
259.875 1.95312804505
260.71875 1.861183118
261.5625 2.06470413591
262.40625 2.06547886356
263.25 2.10629586393
264.09375 2.14488728002
264.9375 2.02382682544
265.78125 2.2383997546
266.625 2.42632145704
267.46875 2.51107486551
268.3125 2.56028304309
269.15625 2.56997754356
270.0 2.60573351472
270.84375 2.60501234561
271.6875 2.61021555807
272.53125 2.5501154697
273.375 2.55311819462
274.21875 2.39158421474
275.0625 2.3265521337
275.90625 2.29847963515
276.75 2.30287150469
277.59375 2.27175846498
278.4375 2.26482992578
0.84375 2.87890403768
1.6875 2.88131918645
2.53125 2.90986660362
3.375 2.9011259557
4.21875 2.9268933144
5.0625 2.90956999147
5.90625 2.92515874747
6.75 2.56483779635
8.4375 2.71345973015
9.28125 3.15476282209
10.125 3.29238232792
10.96875 3.30987111608
11.8125 3.31495606673
12.65625 3.32689504002
13.5 3.33866082782
14.34375 3.3516656796
15.1875 3.31118918135
16.03125 2.8046684959
19.40625 3.64697296061
20.25 3.86284055336
21.09375 3.88771085891
21.9375 3.91080914561
22.78125 3.88534600979
23.625 3.79714237899
24.46875 3.73702562478
25.3125 3.71341459334
26.15625 3.62176716474
27.0 3.6363021821
27.84375 3.68293652
28.6875 3.6599770433
29.53125 3.67883445146
30.375 3.65585781573
31.21875 3.60680021316
32.0625 3.62647288637
32.90625 3.07264716739
33.75 3.62955800935
34.59375 3.6118549276
35.4375 3.59151985428
36.28125 3.57556124588
37.125 3.53249387994
37.96875 3.39955935176
38.8125 3.33110612025
39.65625 3.28235883499
40.5 3.23045446734
41.34375 3.11506543984
44.71875 2.91872784826
47.25 3.2238462106
48.09375 3.22641152561
48.9375 3.23916407594
49.78125 3.24700703384
50.625 3.29369868468
51.46875 3.38094333738
52.3125 3.48884996584
53.15625 3.63634407577
54.0 3.59219402429
54.84375 3.0149424471
55.6875 3.46360965697
56.53125 3.4882467831
57.375 3.68860646074
58.21875 3.62707616237
59.0625 3.60312227381
59.90625 3.56103573871
60.75 3.57218721562
61.59375 3.61495771291
62.4375 3.64125265158
63.28125 3.49871776103
64.125 3.75121228514
64.96875 3.79389063866
65.8125 3.73389213169
66.65625 3.76227030997
67.5 3.74289998486
68.34375 3.36437364087
69.1875 3.77174229435
70.03125 3.75789886462
70.875 3.04934107304
72.5625 2.8641751061
73.40625 3.72299456111
74.25 3.81130951055
75.09375 3.91201412993
75.9375 3.96497783273
76.78125 3.97260014022
77.625 3.9302859436
78.46875 3.86374192065
79.3125 3.84576430917
80.15625 3.81314746631
81.0 3.77186684752
81.84375 3.73003577588
82.6875 3.7199083578
83.53125 3.60425467283
84.375 2.73496376421
85.21875 2.68831648152
86.0625 2.77723628471
86.90625 2.94213836188
87.75 3.03081747268
88.59375 3.67667303449
89.4375 3.93400874365
90.28125 3.98377278304
91.125 4.10025984061
91.96875 4.10557171036
92.8125 3.638327535
93.65625 2.90637489584
94.5 3.00031963461
95.34375 3.05235133026
96.1875 3.60675951107
97.03125 2.10420437654
98.71875 3.85407164054
99.5625 4.08433134617
100.40625 4.11466771572
101.25 4.11492762518
102.09375 4.16507048717
102.9375 4.16114872023
103.78125 4.14167575907
104.625 4.37574234321
105.46875 4.51985432802
106.3125 4.60363460917
107.15625 4.62241987602
108.0 4.62898336292
108.84375 5.21343177237
109.6875 8.14212936111
110.53125 8.52729060553
111.375 8.68490693338
112.21875 7.28903869052
113.0625 5.47762451194
113.90625 4.25714079399
114.75 4.14586027312
115.59375 4.02534386063
116.4375 3.90616145231
117.28125 4.20263401901
118.125 4.55972176654
118.96875 4.32051053368
119.8125 3.9523800186
120.65625 3.7715915827
121.5 3.93233217729
122.34375 3.86021522975
123.1875 3.87441245949
124.03125 3.87317814609
124.875 3.74066756383
125.71875 2.78469723675
126.5625 3.44578407424
127.40625 3.1352963325
128.25 3.17001146009
129.09375 2.88587606271
129.9375 2.87773316035
130.78125 2.88156573951
131.625 2.87571630106
132.46875 2.84048884189
133.3125 2.84410632302
134.15625 2.77679138121
135.0 2.73605137295
135.84375 2.71383859317
136.6875 3.67744394251
137.53125 3.66045030375
138.375 3.63613596398
139.21875 3.6872009712
140.0625 3.44877573649
143.4375 4.44686641693
145.125 1.82575166225
145.96875 2.19941393534
146.8125 3.46134892184
147.65625 3.6123590303
148.5 3.65825499472
149.34375 3.67636319902
150.1875 3.67841012912
151.03125 3.60589211968
151.875 3.20209560366
152.71875 3.10901099452
153.5625 3.14773693162
154.40625 3.13091273907
155.25 3.64472072106
156.09375 3.55912772252
156.9375 3.47956520485
157.78125 3.73747742335
158.625 6.10909513632
159.46875 7.35348408685
160.3125 5.57658989366
161.15625 4.35836899765
162.0 5.91712424662
162.84375 5.2474414172
163.6875 4.23310319962
164.53125 3.89229753075
165.375 3.48664027003
166.21875 3.32170889736
167.0625 3.07614611115
167.90625 2.99364598139
168.75 3.58791200262
169.59375 3.86058764466
170.4375 8.70817218838
171.28125 3.87363976185
172.125 4.24055328672
172.96875 5.5529347578
173.8125 4.14608953191
174.65625 4.11319464439
175.5 4.14345613559
176.34375 4.10853182454
177.1875 4.09991623902
178.03125 4.06595879899
178.875 3.91133217912
179.71875 3.77923743462
180.5625 2.93353385377
181.40625 1.90399381026
182.25 2.21470819684
183.09375 1.96417563171
184.78125 3.33569888718
185.625 1.97692466074
186.46875 1.84275289076
187.3125 1.94166418016
188.15625 2.31780621072
189.0 2.81925741281
189.84375 3.3320894148
190.6875 3.24273306717
191.53125 1.81452185564
192.375 3.32248694833
193.21875 3.35303785171
194.0625 3.33613219543
194.90625 3.38796568445
195.75 3.16330629516
196.59375 3.26609325372
197.4375 3.23477973397
198.28125 3.22069063233
199.125 3.15025736771
199.96875 3.06265426481
200.8125 2.54934916443
201.65625 2.29082285298
202.5 2.28981570144
203.34375 2.29110561276
204.1875 2.20163280765
205.03125 2.41125442855
205.875 1.99587144958
206.71875 2.32730490562
207.5625 2.37269523606
208.40625 2.3623752859
209.25 2.39416206571
210.09375 2.37848221158
210.9375 2.34918387735
214.3125 1.95657195151
215.15625 2.70660447845
216.0 2.63621153783
216.84375 2.46904210477
217.6875 2.39957450099
218.53125 2.41734537089
219.375 2.46481716843
220.21875 2.42951355368
221.0625 2.42948661833
221.90625 2.45008609834
222.75 2.4489312768
223.59375 2.44969539518
224.4375 2.41064741856
225.28125 2.30031621143
226.96875 2.20765348977
227.8125 2.29869848797
228.65625 2.30066924222
229.5 2.30179986851
230.34375 2.41169102895
231.1875 2.44309149862
232.03125 2.44343055862
232.875 2.4860645228
233.71875 2.50013604286
234.5625 2.50930418526
235.40625 2.51496538433
236.25 2.54344647921
237.09375 2.54873949762
237.9375 2.51779974517
238.78125 2.48936133276
239.625 2.48520550711
240.46875 2.48701189248
241.3125 2.4862663162
242.15625 2.50354968127
243.0 2.49721609054
243.84375 2.50955212274
244.6875 2.04165021578
247.21875 1.70703900116
248.0625 1.90198606952
248.90625 1.89117841687
249.75 1.88720989654
250.59375 1.87768907048
251.4375 1.88431842823
252.28125 1.88926999165
253.125 1.89657799838
253.96875 1.89376556685
254.8125 1.89428556667
255.65625 1.89706829437
256.5 1.90180576434
257.34375 2.06314818684
258.1875 2.11470844159
259.03125 1.68219745932
259.875 2.20443580131
260.71875 2.18788845648
261.5625 2.24009772105
262.40625 1.98040189142
263.25 2.42969296531
264.09375 2.50842346964
264.9375 2.4789628416
265.78125 2.48707558424
266.625 2.5299284301
267.46875 2.56985267692
268.3125 2.61819039982
269.15625 2.62339857832
270.0 2.62453795701
270.84375 2.57902983177
271.6875 2.50869757118
272.53125 2.38781479814
273.375 2.34050576921
274.21875 2.32871187042
275.0625 2.27332385057
275.90625 2.29094229828
276.75 2.20729674968
286.03125 2.9313892768
0.84375 2.83688419957
1.6875 2.84819184201
2.53125 2.87100224948
3.375 2.87397494324
4.21875 2.8753597515
5.0625 2.89196327811
5.90625 2.85841281718
9.28125 3.01948286667
10.125 3.2211246997
10.96875 3.29235798282
11.8125 3.27787929377
12.65625 3.2709417795
13.5 3.28041300331
14.34375 3.30018703251
15.1875 3.2904327618
16.03125 3.29502189178
16.875 3.20631129233
17.71875 3.06766313244
18.5625 2.78419975201
19.40625 3.38018857164
20.25 3.77193242414
21.09375 3.75630989834
21.9375 3.88833985208
22.78125 3.82501849278
23.625 3.7824012938
24.46875 3.70666584953
25.3125 3.60442613341
26.15625 3.54417047033
27.0 3.54821774452
27.84375 3.61375290254
28.6875 3.61339357768
29.53125 3.64830915325
30.375 3.61072874267
31.21875 3.63029165676
32.0625 3.58775283963
33.75 3.11577574611
34.59375 3.31652904949
35.4375 3.51309317995
36.28125 3.55665582467
37.125 3.51236781612
37.96875 3.4589564211
38.8125 3.42319022862
39.65625 3.28609352868
40.5 3.26131153892
41.34375 3.24002819493
43.875 3.08664324238
44.71875 3.2203761918
45.5625 3.19881303539
46.40625 3.15941653223
47.25 3.21141099346
48.09375 3.23224122305
48.9375 3.23344657427
49.78125 3.28123618298
50.625 3.36439741698
51.46875 3.45372920454
52.3125 3.70360632759
53.15625 3.65497510015
54.0 3.56943997457
54.84375 3.3237040483
55.6875 3.61036469736
56.53125 3.68063201918
57.375 3.73212366002
58.21875 3.72931284775
59.0625 3.73228683346
59.90625 3.48966392546
60.75 3.52072894958
61.59375 2.57570480859
62.4375 3.71816634673
63.28125 3.54012061203
64.125 3.62186824964
64.96875 3.29712828438
65.8125 3.63720890794
66.65625 3.08046681358
67.5 3.80070847189
68.34375 3.75659642566
69.1875 3.63528253355
70.03125 3.71061329725
70.875 2.89034962086
72.5625 2.63535490036
73.40625 3.2034156503
74.25 3.77555905095
75.09375 3.96611837898
75.9375 3.96468790272
76.78125 3.95897777963
77.625 3.86763922677
78.46875 3.797121238
79.3125 3.71132599484
80.15625 3.72610158904
81.0 3.76115323964
81.84375 3.76033668893
82.6875 3.77125384364
83.53125 2.72719490043
84.375 2.69534533755
85.21875 2.74651943854
86.0625 2.93162772287
86.90625 3.15954402892
87.75 3.65405229131
88.59375 3.98937246733
89.4375 4.01279528635
90.28125 4.14800606266
91.125 4.15356729816
91.96875 3.64178154762
92.8125 3.00360510892
93.65625 3.18208661136
94.5 3.52456105517
95.34375 3.84056661587
96.1875 3.49749056977
97.875 4.05237631403
98.71875 4.11080578303
99.5625 4.15452314741
100.40625 4.13457232797
101.25 4.13642318523
102.09375 4.1360363826
102.9375 4.18116390113
103.78125 4.40432675114
104.625 4.48422787927
105.46875 4.57031473517
106.3125 4.59919102843
107.15625 4.60091711197
108.0 4.80348677043
108.84375 8.37146334949
109.6875 8.38327016877
110.53125 8.37824549002
111.375 7.3827316628
112.21875 5.38730115128
113.0625 4.3476533431
113.90625 4.23540343821
114.75 4.22305275528
115.59375 4.46975494406
116.4375 4.72820925583
117.28125 5.71486211724
118.125 5.622403901
118.96875 6.27531095321
119.8125 4.10459944401
120.65625 4.08082531472
121.5 3.8282570549
122.34375 3.82274264287
123.1875 3.82176811918
124.03125 3.79622702597
124.875 3.73740324111
125.71875 3.75452415081
126.5625 3.67108704677
127.40625 3.7881250397
128.25 2.51772320817
129.09375 2.76439832248
129.9375 2.8166642597
130.78125 2.81329016708
131.625 2.790151339
132.46875 2.77854947105
133.3125 2.66715924789
134.15625 2.28799381177
135.0 3.46676100107
135.84375 3.57677077737
136.6875 3.64577851625
137.53125 3.62615781681
138.375 3.6274447362
139.21875 3.60552899062
140.0625 3.14168870449
145.96875 1.77806413174
146.8125 3.48750247665
147.65625 3.59519807944
148.5 3.58858177363
149.34375 3.5202713084
150.1875 3.36774992164
151.03125 3.10167856602
151.875 3.0740147232
152.71875 3.23737412837
153.5625 3.42924164562
154.40625 3.76491113798
155.25 3.89599205385
156.09375 3.69198303269
156.9375 2.74865298271
157.78125 2.48203261693
158.625 6.85014295048
159.46875 8.10138979554
160.3125 7.6366937216
161.15625 8.22710717805
162.0 8.29780575324
162.84375 5.28911809009
163.6875 4.71905650795
164.53125 3.90238656786
165.375 3.76036198765
166.21875 3.17348270851
167.0625 3.03459147717
167.90625 3.18574923492
168.75 6.37072779216
169.59375 7.76936745644
170.4375 9.68315240695
171.28125 9.30034341631
172.125 9.13144855886
172.96875 5.33388707385
173.8125 4.20619898394
174.65625 4.04795761419
175.5 4.07659007469
176.34375 4.07909779522
177.1875 4.09717135418
178.03125 4.03428161919
178.875 3.9562422343
179.71875 3.85527397177
180.5625 3.87431078082
181.40625 3.68238724288
182.25 3.56961325631
183.09375 3.45073130651
183.9375 3.50346270909
184.78125 3.60208661616
185.625 3.58972532543
186.46875 2.83593791979
187.3125 2.97277327099
188.15625 3.30636374007
189.0 3.44916193939
189.84375 3.46452783905
190.6875 3.43814821265
191.53125 3.24910771437
192.375 3.09227578111
193.21875 3.33550413703
194.0625 3.02799167315
194.90625 3.19865020083
195.75 3.09982351648
196.59375 3.05390457152
197.4375 3.17366783253
198.28125 3.19379460006
199.125 3.18560345196
199.96875 3.12733231179
200.8125 2.67016835445
201.65625 2.31561636673
202.5 2.2850902883
203.34375 2.25564919502
204.1875 2.16195238554
205.03125 1.82074480057
205.875 2.19193604581
207.5625 1.88139367104
208.40625 2.31914435279
209.25 2.35019538423
210.09375 2.40937802111
210.9375 2.39900145383
211.78125 2.3769289083
212.625 2.34399210671
216.0 2.14946065267
216.84375 2.6928123749
217.6875 2.64261291468
218.53125 2.51581680115
219.375 2.40173906034
220.21875 2.40208585398
221.0625 2.45176333993
221.90625 2.45391279364
222.75 2.27983051437
223.59375 2.41489694399
224.4375 2.43246563457
225.28125 2.43328486457
226.125 2.43649588757
226.96875 2.42434373406
227.8125 2.23046355125
228.65625 2.08628644688
230.34375 2.23955782056
231.1875 2.26369227101
232.03125 2.29703687216
232.875 2.35560598256
233.71875 2.38071655461
234.5625 2.41321322443
235.40625 2.45227154461
236.25 2.45899837311
237.09375 2.50448138328
237.9375 2.51874592118
238.78125 2.54690804872
239.625 2.51753773763
240.46875 2.50194945213
241.3125 2.4949876011
242.15625 2.47564227108
243.0 2.47408718171
243.84375 2.47733916523
244.6875 2.50803027249
245.53125 2.48843118368
246.375 2.51250314985
247.21875 2.46018182605
249.75 5.80683715608
250.59375 1.83071451829
251.4375 1.90019469584
252.28125 1.88785668586
253.125 1.88215591939
253.96875 1.8859710838
254.8125 1.88481397629
255.65625 1.8952563893
256.5 1.88884639666
257.34375 1.88749199731
258.1875 1.87897333085
259.03125 1.90319194001
259.875 1.83981243681
260.71875 2.08379417728
261.5625 2.17758253768
262.40625 1.84142238818
263.25 2.17297373034
264.09375 2.31188534526
264.9375 2.1625266812
265.78125 2.38765283139
266.625 2.4473725617
267.46875 2.51565438154
268.3125 2.55436220037
269.15625 2.5911871484
270.0 2.5981897611
270.84375 2.59546131421
271.6875 2.56614563026
272.53125 2.48862949002
273.375 2.37963546961
274.21875 2.33091848861
275.0625 2.2763103468
275.90625 2.25321647941
276.75 2.26768245204
277.59375 2.23965462493
0.84375 2.86224730108
1.6875 2.87402254769
2.53125 2.8832451592
3.375 2.90300478112
4.21875 2.88978588178
5.0625 2.88892841021
5.90625 2.91286640283
6.75 2.74366640281
9.28125 2.99488002604
10.125 3.25715245786
10.96875 3.30202623178
11.8125 3.30130383322
12.65625 3.30757649022
13.5 3.29375090924
14.34375 3.3237845099
15.1875 3.35493574955
16.03125 3.31944698735
16.875 3.3125060083
17.71875 3.15841271773
18.5625 2.16682967345
19.40625 2.12751824061
20.25 3.48061946143
21.09375 3.83673403395
21.9375 3.77721769807
22.78125 3.89353828485
23.625 3.84959470171
24.46875 3.79353299463
25.3125 3.72160651791
26.15625 3.63927711218
27.0 3.58501783917
27.84375 3.59165406849
28.6875 3.6476912204
29.53125 3.64511962508
30.375 3.68552090297
31.21875 3.63852503111
32.0625 3.64668679953
32.90625 3.58683495554
33.75 2.68179052784
34.59375 2.66848893751
35.4375 3.58207903824
36.28125 3.60710850013
37.125 3.60341761167
37.96875 3.53259344272
38.8125 3.48773801384
39.65625 3.40651408166
40.5 3.29320003379
41.34375 3.28069231895
42.1875 3.25742590822
43.03125 3.22461424812
43.875 3.05083604157
47.25 2.99715291729
48.09375 3.22750219142
48.9375 3.15503666053
49.78125 3.24684059975
50.625 3.24076281058
51.46875 3.23860591007
52.3125 3.2591623003
53.15625 3.2462057262
54.0 3.33499033159
54.84375 3.45124762018
55.6875 3.46654811104
56.53125 3.71552540148
57.375 3.5638835963
58.21875 3.65043058395
59.0625 3.55331628282
59.90625 3.65187701535
60.75 3.62549977734
61.59375 3.54530925333
62.4375 3.60848554657
63.28125 3.24374370792
64.125 3.57950345949
64.96875 3.22667800319
65.8125 3.56915024261
66.65625 2.78487348557
67.5 3.10336680609
68.34375 3.74307781372
69.1875 3.76379232783
70.03125 3.72742762141
70.875 3.68702821617
71.71875 3.7754414012
72.5625 3.80839943243
73.40625 3.80980242434
74.25 2.80656374825
76.78125 3.53066223172
77.625 3.86998070784
78.46875 3.93472054618
79.3125 3.97702797922
80.15625 3.85318417137
81.0 4.01130290396
81.84375 3.97944775343
82.6875 4.02620223473
83.53125 3.78789058311
84.375 3.66681938047
85.21875 3.80743357159
86.0625 3.81391137642
86.90625 3.81243309142
87.75 3.83191518521
88.59375 3.73149031109
89.4375 2.86708230596
90.28125 2.64743325545
91.125 2.72236454903
91.96875 3.02918606289
92.8125 3.13315905291
93.65625 3.65204737253
94.5 3.93571043763
95.34375 4.08223110742
96.1875 4.12880797657
97.03125 4.16051496826
97.875 3.92275769518
98.71875 3.31404914922
99.5625 3.47874370089
100.40625 3.72242996157
101.25 3.81283828933
102.09375 3.76419984638
103.78125 3.81116967437
104.625 4.19757995241
105.46875 4.17553392147
106.3125 4.16854535139
107.15625 4.18940495502
108.0 4.10703722527
108.84375 4.20550276692
109.6875 4.39869746384
110.53125 4.44024425727
111.375 4.54739083958
112.21875 4.57531633328
113.0625 4.58320198098
113.90625 4.8630530111
114.75 8.35369125148
115.59375 8.52851560361
116.4375 8.56395271253
117.28125 7.4477366469
118.125 5.2406370287
118.96875 4.2897466492
119.8125 4.46110634473
120.65625 4.36884079201
121.5 4.79897702679
122.34375 6.15059095472
123.1875 6.10765398576
124.03125 7.6032304539
124.875 5.33550947053
125.71875 4.30474305768
126.5625 3.89924552144
127.40625 3.8669899766
128.25 3.89427460398
129.09375 3.86237865425
129.9375 3.83657193726
130.78125 3.83269555124
131.625 3.74107004912
132.46875 3.76401366018
133.3125 2.58981775035
134.15625 2.6881583575
135.0 2.78631098246
135.84375 2.81049091561
136.6875 2.76698799217
137.53125 2.75814986679
138.375 2.18303813239
139.21875 3.30147093706
140.0625 3.68129175043
140.90625 3.62574843347
141.75 3.65678379865
142.59375 3.63146761724
143.4375 3.63750483388
144.28125 3.5752789586
151.875 3.55717918883
152.71875 3.5304300268
153.5625 3.63233839106
154.40625 3.6870759911
155.25 3.50896132945
156.09375 3.37354386214
156.9375 3.34074785276
157.78125 3.44373400567
158.625 3.66187877351
159.46875 3.88824850458
160.3125 3.87437383748
161.15625 2.60806266665
162.84375 9.82807486398
163.6875 8.2537052495
164.53125 8.44725396541
165.375 6.20604505498
166.21875 7.16397480281
167.0625 5.88022705127
167.90625 5.49870937057
168.75 4.41191322614
169.59375 3.92520322717
170.4375 3.52888031489
171.28125 3.40870919538
172.125 3.44801517411
172.96875 7.43805840119
173.8125 7.56797183809
174.65625 10.0664683193
175.5 9.9809568
176.34375 9.85610725467
177.1875 5.73090394885
178.03125 5.04196410059
178.875 4.12517653949
179.71875 4.15639612818
180.5625 4.14427982331
181.40625 4.15229436553
182.25 4.17810893535
183.09375 4.10206430357
183.9375 3.97233516898
184.78125 3.97228401056
185.625 3.89927216812
186.46875 3.89337334508
187.3125 3.86433841957
188.15625 3.70525571335
189.0 3.80308019201
189.84375 3.70306138983
190.6875 2.93508726998
191.53125 3.3354542741
192.375 3.41438279925
193.21875 3.53025152959
194.0625 3.49704924502
194.90625 3.53134285799
195.75 3.34696244053
196.59375 3.27501620675
197.4375 3.41264957607
198.28125 3.37007208268
199.125 2.93590664723
199.96875 3.11295051369
200.8125 3.27095560722
201.65625 3.2454933258
202.5 3.23813888601
203.34375 3.22002824161
204.1875 3.00822172959
205.03125 2.83292381623
205.875 2.66395382633
206.71875 2.50739832527
207.5625 2.30729165333
208.40625 2.12196648121
210.09375 2.1856251955
210.9375 2.23379618675
211.78125 1.65795773665
212.625 2.33213726065
213.46875 2.38870835093
214.3125 2.44990646106
215.15625 2.5073364176
216.0 2.52029621824
216.84375 2.4396203494
217.6875 1.83125633399
218.53125 2.55504421733
219.375 2.53194846468
220.21875 2.74023957961
221.0625 2.84081537175
221.90625 2.79166675819
222.75 2.6220610139
223.59375 2.59318584149
224.4375 2.54403535787
225.28125 2.48931955934
226.125 2.29087481676
226.96875 2.29769200568
227.8125 2.41318739863
228.65625 2.43476179991
229.5 2.45094142162
230.34375 2.46137849212
231.1875 2.46813635094
232.03125 2.33069113748
232.875 1.95872783661
236.25 2.17477791506
237.09375 2.19103029204
237.9375 2.3951292872
238.78125 2.42373163739
239.625 2.51057429507
240.46875 2.49714902966
241.3125 2.51513374501
242.15625 2.5289069624
243.0 2.54923247431
243.84375 2.52053700068
244.6875 2.4991770685
245.53125 2.51251023464
246.375 2.49354903155
247.21875 2.49456880372
248.0625 2.492686331
248.90625 2.5237847173
249.75 2.4990486309
250.59375 2.52920901081
251.4375 2.49478488533
254.8125 1.84201005263
255.65625 1.90106765543
256.5 1.89195666385
257.34375 1.89167274575
258.1875 1.88850937671
259.03125 1.90056121478
259.875 1.88856957672
260.71875 1.91016427773
261.5625 1.90815450544
262.40625 1.94788335161
263.25 2.05466914573
264.09375 2.06716992896
264.9375 2.14207665848
265.78125 2.15356688843
266.625 2.27547794435
267.46875 2.24913304395
268.3125 1.84573603797
269.15625 2.43298442073
270.0 2.50092460503
270.84375 2.553895499
271.6875 2.58371344699
272.53125 2.60185869471
273.375 2.61663833188
274.21875 2.6224951199
275.0625 2.56576463138
275.90625 2.5108497207
276.75 2.37551919093
277.59375 2.30585301376
278.4375 2.31162807193
279.28125 2.26632978281
280.125 2.27765524113
280.96875 2.03731435337
0.84375 2.90155874511
1.6875 2.91131930857
2.53125 2.89632200347
3.375 2.9100007877
4.21875 2.90014764965
5.0625 2.92983617583
5.90625 2.9310916331
6.75 2.93128304499
7.59375 2.92673723899
10.96875 3.00024193387
11.8125 3.27179300877
12.65625 3.33952250407
13.5 3.3226310424
14.34375 3.34292251821
15.1875 3.33495462305
16.03125 3.37619051684
16.875 3.37673584672
17.71875 3.40884635732
18.5625 2.32080140398
21.09375 3.13981959366
21.9375 3.84706906433
22.78125 3.83627895163
23.625 3.94723819467
24.46875 3.92928865822
25.3125 3.83547181701
26.15625 3.76813901682
27.0 3.71234536879
27.84375 3.68221401043
28.6875 3.65328100076
29.53125 3.70609924627
30.375 3.68737877249
31.21875 3.73449549159
32.0625 3.69193180364
32.90625 3.69115104486
33.75 3.45694990057
34.59375 2.95740606864
35.4375 3.45233548687
36.28125 3.66328865399
37.125 3.70201165097
37.96875 3.65874236971
38.8125 3.61637238168
39.65625 3.60153343524
40.5 3.49199059589
41.34375 3.35934589985
42.1875 3.31848451034
43.03125 3.31119253663
43.875 3.28785748144
44.71875 2.28959870338
47.25 3.19964590439
48.9375 2.92469666132
49.78125 3.20277458085
50.625 3.27372260339
51.46875 3.2615015643
52.3125 3.27319950833
53.15625 3.28416410016
54.0 3.36750614752
54.84375 3.46146331149
55.6875 3.53281044803
56.53125 3.71100697094
57.375 3.68091879963
58.21875 3.72633240938
59.0625 3.50101603629
59.90625 3.37378010346
60.75 3.51960568218
61.59375 3.67549477185
62.4375 3.80383182869
63.28125 3.45682766803
64.125 3.5749240826
64.96875 3.59929501142
65.8125 3.64294800671
66.65625 2.77160591806
67.5 3.28087296826
68.34375 3.67212167167
69.1875 3.71573144448
70.03125 3.90178275431
70.875 3.66723686182
71.71875 3.07027278527
72.5625 2.70217958956
73.40625 2.16279793978
75.09375 1.25229120255
75.9375 3.82436379932
76.78125 3.1104146395
77.625 3.88550853416
78.46875 3.95158180048
79.3125 3.99076058125
80.15625 4.02860738408
81.0 3.62178314408
81.84375 4.03347547807
82.6875 3.89438425909
83.53125 3.8841637427
84.375 3.85981106381
85.21875 3.95949335997
86.0625 3.9684358543
86.90625 3.84996006799
87.75 3.77787825804
88.59375 3.10678391805
89.4375 3.41916577824
90.28125 3.46544992457
91.125 3.37422546868
91.96875 3.2497567289
92.8125 3.76245041323
93.65625 4.11317449421
94.5 4.20905027497
95.34375 4.19214852183
96.1875 4.07591954626
97.03125 3.90368071035
97.875 3.96842064482
98.71875 3.98454449719
99.5625 3.96615952041
100.40625 4.06561452362
101.25 3.15387568474
102.09375 4.05328449763
102.9375 4.24741347426
103.78125 4.24777331793
104.625 4.25359571581
105.46875 4.2412180488
106.3125 4.17243991992
107.15625 4.24257185575
108.0 4.41125788339
108.84375 4.5181526122
109.6875 4.56224740497
110.53125 4.64681308666
111.375 4.70686997546
112.21875 4.70252765719
113.0625 7.73109740656
113.90625 8.90127674028
114.75 8.87783803536
115.59375 6.55731514341
116.4375 4.81943459579
117.28125 4.39378639713
118.125 4.42430703882
118.96875 4.8669499489
119.8125 7.44909147047
120.65625 9.52867703577
121.5 9.23314698474
122.34375 9.33867506637
123.1875 5.94556678879
124.03125 4.6235446473
124.875 3.98359494585
125.71875 3.91792407138
126.5625 3.92150583754
127.40625 3.88353056567
128.25 3.89245262999
129.09375 3.91304862331
129.9375 3.84291660649
130.78125 3.85415876052
135.84375 6.15964083836
137.53125 4.55620130667
138.375 3.4715876443
139.21875 3.30102097988
140.0625 4.13758161565
140.90625 5.0167119578
141.75 4.82103967762
142.59375 4.6580159656
143.4375 5.19808100092
144.28125 4.41525865926
145.125 5.95609692637
145.96875 5.87628079146
146.8125 6.00932408355
147.65625 5.63027962649
149.34375 2.90287220478
150.1875 3.57504316238
151.03125 3.61775765101
151.875 3.59369011938
152.71875 3.66434008144
153.5625 3.84676671722
154.40625 3.8794188088
155.25 3.87808891085
156.09375 3.88305358446
156.9375 3.92809143878
157.78125 3.92340653635
158.625 3.96753113859
159.46875 3.96549815708
160.3125 3.9554449319
162.0 8.61283005608
164.53125 8.47263156409
166.21875 8.6613191788
167.0625 4.03566804335
167.90625 4.09833249072
168.75 4.03949251467
169.59375 3.99902384772
170.4375 4.02042003484
171.28125 4.02937963055
172.125 3.47991274311
172.96875 9.9129705248
173.8125 10.6102175098
174.65625 10.8932644283
175.5 10.8773875071
176.34375 11.3461218643
177.1875 8.74191243797
178.03125 5.86324546162
178.875 4.176819108
179.71875 4.19762829229
180.5625 4.18012376883
181.40625 4.1764850265
182.25 4.19550439584
183.09375 4.18409102368
183.9375 4.16991986838
184.78125 4.14429243005
185.625 4.02887950477
186.46875 4.03342137799
187.3125 3.98696081333
188.15625 3.87762552569
189.0 3.82632149523
189.84375 3.81528859744
190.6875 3.82979662527
191.53125 3.54018725865
192.375 3.55377732928
193.21875 3.54852899096
194.0625 3.57789299219
194.90625 3.56530843157
195.75 3.57418989661
196.59375 3.50728084653
197.4375 3.47632067226
198.28125 3.4373782787
199.125 3.44155408707
199.96875 3.31287851703
200.8125 3.27673807966
201.65625 3.27252977002
202.5 3.24798890945
203.34375 3.2127480363
204.1875 3.21397307247
205.03125 3.16538968174
205.875 3.00288541978
206.71875 2.96162097757
207.5625 2.48626990267
208.40625 2.32099107014
209.25 2.9861254865
210.09375 2.50953263707
210.9375 2.34260719085
211.78125 2.15828258258
212.625 2.77849191081
213.46875 2.97598251147
214.3125 2.78653214473
215.15625 2.99370860981
216.0 2.93000227113
216.84375 2.8929095651
217.6875 2.77236445299
218.53125 2.78831353221
219.375 2.80060665249
220.21875 2.78811316487
221.0625 2.85256563262
221.90625 2.83307797556
222.75 2.82905753723
223.59375 2.78475519878
224.4375 2.74174260779
225.28125 2.72059646296
226.125 2.52713495889
226.96875 1.84905366588
227.8125 2.03257393986
228.65625 1.67809654951
229.5 2.29204793698
230.34375 2.25396986998
231.1875 2.21157034928
232.03125 1.66363538636
232.875 2.20405255093
233.71875 2.18909303347
234.5625 2.22349107514
235.40625 2.33573092052
237.09375 2.43407587734
237.9375 2.34251988075
238.78125 2.55711449095
239.625 2.5460449717
240.46875 2.5364982637
241.3125 2.53535806347
242.15625 2.532238311
243.0 2.54381378912
243.84375 2.50231253909
244.6875 2.52731561734
245.53125 2.52210206041
246.375 2.51434274615
247.21875 2.5111557478
248.0625 2.49929098346
248.90625 2.51945260547
249.75 2.52563375893
250.59375 2.52663922279
251.4375 2.52242539955
254.8125 1.86326089884
255.65625 1.91093997829
256.5 1.91299112884
257.34375 1.91761399495
258.1875 1.90891871355
259.03125 1.90496625894
259.875 1.89590218557
260.71875 1.90484274163
261.5625 1.91616557689
262.40625 1.91558749251
263.25 1.88423441173
264.09375 1.89452494854
264.9375 1.88716122823
265.78125 1.78100169016
266.625 1.40867508603
267.46875 1.86238248
268.3125 2.22022804949
269.15625 2.21932913309
270.0 1.79821970707
270.84375 2.14077278284
271.6875 2.08826006426
272.53125 2.31844262859
273.375 2.4082348453
274.21875 2.48090129335
275.0625 2.53581056981
275.90625 2.55631760774
276.75 2.59588115058
277.59375 2.61692922002
278.4375 2.63199674679
279.28125 2.63803258854
280.125 2.57718884904
280.96875 2.51597706922
281.8125 2.36855335449
282.65625 2.32031920726
283.5 2.31851617154
284.34375 2.27365912949
285.1875 2.30143390951
286.03125 2.04629307704
0.84375 2.85510745888
1.6875 2.86437414709
2.53125 2.83329009901
3.375 2.83572571917
4.21875 2.84574595006
5.0625 2.84310000375
5.90625 2.86440549932
6.75 2.85326626039
7.59375 2.90643902661
8.4375 2.87647480775
9.28125 2.67135659261
10.96875 3.22298887981
12.65625 3.2278122104
13.5 3.28607183142
14.34375 3.27841036676
15.1875 3.28228336346
16.03125 3.28272382415
16.875 3.27785788818
17.71875 3.29357654937
18.5625 2.98024527191
21.9375 3.338630014
22.78125 3.47569818536
23.625 3.73385777244
24.46875 3.81073611095
25.3125 3.81392361649
26.15625 3.78658523011
27.0 3.71986707004
27.84375 3.66877458326
